1.jpg 8 22 33 23 27 25 105 87 71 8 164 95 87 7 80 88 117 7 83 37 32 8 177 158 123 11 162 156 158 8 205 116 95
2.jpg 7 21 28 16 15 17 139 120 116 7 221 213 208 26 76 57 45 4 118 49 44 11 212 188 153 11 130 108 73
3.jpg 7 15 34 24 22 17 85 76 69 18 208 206 196 14 168 122 121 3 182 156 95 18 138 124 113 11 114 79 70
4.jpg 6 28 26 27 18 21 216 220 209 12 80 96 61 6 138 159 113 24 60 67 49 6 136 139 122
5.jpg 7 14 36 25 23 11 214 208 201 27 151 106 94 12 104 97 84 8 160 82 71 18 89 46 40 8 218 169 145
6.jpg 8 3 40 55 94 12 74 64 57 8 159 131 135 19 73 37 33 24 33 16 19 7 210 187 169 5 121 52 50 17 125 93 78
7.jpg 8 22 33 19 19 14 214 214 214 13 91 41 40 4 185 50 58 21 67 69 51 5 164 124 52 8 178 109 111 10 114 112 113
8.jpg 8 12 31 19 15 22 64 64 51 14 75 32 30 8 212 207 207 14 134 80 74 4 146 54 50 19 114 103 93 3 202 155 125
9.jpg 7 23 29 23 20 16 72 81 75 3 174 48 54 10 200 207 204 25 112 120 95 14 83 57 47 6 164 124 118
10.jpg 8 15 51 33 31 22 205 206 195 14 109 69 54 14 187 137 111 10 143 74 53 14 114 113 106 2 210 172 71 3 180 76 58
11.jpg 8 3 75 106 131 17 92 101 54 20 112 73 56 9 153 136 124 3 184 96 85 13 150 157 96 16 46 36 29 15 212 211 203
12.jpg 8 24 32 18 16 13 203 204 194 14 88 36 29 2 195 186 80 5 189 56 55 13 64 64 51 13 151 93 72 12 119 115 98
13.jpg 8 23 27 18 17 6 77 78 92 8 134 79 63 10 196 194 195 8 181 156 93 16 67 43 33 11 73 91 41 14 121 107 96
14.jpg 5 12 33 31 23 25 170 175 161 23 149 190 98 29 84 82 69 8 98 109 77
15.jpg 8 22 35 19 16 15 174 188 201 15 105 96 79 16 79 32 25 7 214 188 89 8 148 91 60 10 205 190 159 3 200 107 63
16.jpg 7 20 29 12 16 26 101 71 72 9 151 127 123 6 116 52 51 8 162 111 103 24 70 24 34 4 199 181 167
17.jpg 6 37 32 19 24 10 203 202 207 8 114 110 75 11 175 119 89 14 104 62 43 17 69 52 47
18.jpg 8 35 22 14 13 4 112 123 150 6 216 13 57 17 63 35 28 6 114 49 35 9 208 198 189 14 129 105 90 4 187 129 94
19.jpg 8 15 38 31 24 9 215 207 201 9 106 68 60 6 109 90 108 15 125 114 98 17 180 138 97 22 76 72 57 4 165 94 83
20.jpg 7 19 24 15 16 13 76 71 69 19 133 90 87 9 183 184 179 14 64 33 33 10 197 146 147 12 120 114 111
21.jpg 8 19 33 18 19 8 220 209 206 15 76 48 45 14 140 101 102 1 177 45 60 11 114 61 54 14 177 109 105 13 205 155 158
22.jpg 7 21 36 26 24 4 92 115 147 16 159 130 117 29 92 73 65 8 135 146 138 5 153 84 75 13 211 205 195
23.jpg 6 20 30 22 20 19 74 58 53 20 218 216 205 11 123 113 106 12 129 93 85 14 176 158 143
24.jpg 7 32 16 12 12 14 56 33 31 12 157 134 133 9 179 129 123 8 95 86 87 12 209 197 190 9 114 77 71
25.jpg 8 19 45 29 28 2 105 125 147 21 97 59 57 11 215 205 202 13 157 120 120 10 179 182 145 12 106 112 96 8 155 94 91
26.jpg 8 17 23 19 33 10 140 130 117 17 66 45 40 5 188 56 74 14 167 115 111 15 208 210 196 14 108 59 56 2 172 191 130
27.jpg 7 19 26 16 16 7 195 214 208 6 181 118 95 24 79 59 53 16 104 99 96 11 177 159 148 14 139 105 95
28.jpg 7 16 21 16 11 15 61 56 39 15 223 224 220 11 99 112 70 10 187 173 148 24 119 100 81 6 161 181 125
29.jpg 8 25 20 14 14 19 56 54 46 7 198 192 192 8 95 61 50 1 176 47 54 21 99 102 92 8 215 192 170 9 155 124 105
30.jpg 7 19 25 27 22 33 55 65 55 5 161 153 145 10 114 93 77 12 116 119 119 14 84 100 77 4 215 195 182
31.jpg 7 17 26 24 15 12 200 199 180 8 180 192 130 27 67 67 45 17 123 117 102 11 107 118 64 5 176 203 103
32.jpg 6 29 22 16 16 7 165 194 190 28 66 46 42 14 148 96 86 15 114 96 88 5 209 198 182
33.jpg 6 8 28 22 15 44 96 111 92 12 212 198 178 16 158 164 116 9 143 121 104 8 74 59 44
34.jpg 8 10 45 29 25 14 215 216 194 13 103 122 70 16 126 159 82 7 76 71 55 19 184 202 148 13 147 191 92 4 138 119 104
35.jpg 8 18 37 102 180 8 83 88 91 24 22 15 20 6 178 188 191 5 131 87 71 16 61 44 38 6 200 191 172 13 122 115 103
36.jpg 8 5 29 38 85 12 129 107 88 20 104 44 33 5 213 57 47 15 66 36 31 10 207 192 156 16 155 75 53 13 27 14 17
37.jpg 8 24 34 23 22 12 104 88 81 17 85 33 28 4 209 192 73 5 201 51 62 17 156 101 84 8 198 191 178 9 162 73 63
38.jpg 8 31 20 16 15 18 73 65 68 7 178 118 102 6 128 126 111 4 149 48 55 11 66 37 34 7 215 204 189 11 119 80 76
39.jpg 8 19 23 16 16 28 207 217 209 7 210 77 93 9 120 116 117 6 102 55 48 7 193 179 159 16 63 44 41 3 170 113 95
40.jpg 8 33 28 23 21 19 210 208 205 3 129 41 51 16 72 67 62 6 162 118 112 7 70 34 33 10 110 110 91 2 187 40 58
41.jpg 8 24 26 17 18 23 215 211 203 2 193 78 83 15 61 47 41 9 113 70 62 7 163 143 134 4 210 173 142 11 90 90 78
42.jpg 6 43 30 23 25 16 97 89 95 13 96 59 58 7 198 190 182 3 156 54 62 14 158 110 103
43.jpg 8 18 30 20 20 8 172 203 206 9 99 87 85 5 147 92 81 25 221 221 211 16 65 38 33 7 118 125 105 8 189 171 152
44.jpg 7 33 15 13 12 28 215 214 199 7 44 54 34 3 89 28 27 9 131 89 60 8 57 37 27 9 95 71 51
45.jpg 7 41 21 15 14 19 58 55 44 6 205 198 184 9 81 41 35 12 107 106 98 3 144 67 54 7 124 109 72
46.jpg 8 39 17 12 13 2 60 72 109 5 190 190 184 10 85 48 39 14 97 93 78 23 49 43 36 1 149 63 55 2 196 167 121
47.jpg 8 17 48 26 22 9 92 94 76 20 101 53 45 12 210 209 193 11 180 123 107 15 202 188 150 1 177 48 60 11 140 122 103
48.jpg 8 29 26 24 18 22 64 72 59 3 161 52 49 6 134 164 71 8 180 178 165 11 93 105 71 10 76 41 33 6 145 111 82
49.jpg 7 38 46 30 30 7 87 101 117 6 157 170 181 12 172 149 133 13 94 56 49 8 221 210 205 12 97 88 87
50.jpg 8 16 50 29 26 11 202 37 49 11 187 180 170 15 94 42 37 12 155 106 80 9 127 23 29 10 226 172 111 11 179 93 72
51.jpg 4 40 33 31 21 19 189 187 169 36 96 91 73 4 125 148 83
52.jpg 8 18 44 32 28 14 188 178 154 10 85 100 76 9 125 74 68 10 175 142 154 16 198 210 158 18 104 85 83 1 180 86 73
53.jpg 8 9 34 24 23 12 79 83 50 19 152 175 109 9 152 156 136 10 122 90 80 15 114 123 73 12 71 47 38 10 213 218 210
54.jpg 8 19 36 19 15 17 214 208 196 13 90 33 27 6 203 61 60 11 170 124 105 15 97 84 65 4 212 171 110 11 146 60 48
55.jpg 7 39 33 24 24 15 197 203 198 6 88 32 38 19 87 81 81 3 175 32 54 10 150 127 118 5 157 79 92
56.jpg 8 5 58 70 109 20 82 64 50 12 203 184 180 10 91 40 30 22 37 20 19 7 200 165 123 18 135 99 78 2 174 79 54
57.jpg 8 31 19 11 11 14 65 54 40 14 84 27 25 3 195 166 69 5 164 41 41 9 200 198 183 11 143 84 62 10 130 111 95
58.jpg 8 25 39 27 22 8 109 26 29 15 113 111 90 4 144 174 82 20 89 63 51 6 177 42 46 11 184 182 170 6 177 116 85
59.jpg 8 24 32 18 18 6 78 80 81 11 213 195 191 19 71 35 32 10 199 134 132 2 182 149 77 13 124 70 62 11 124 99 94
60.jpg 8 20 32 25 23 17 71 77 65 16 80 37 30 3 196 182 109 6 178 81 69 9 196 203 206 11 156 99 89 14 121 118 93
61.jpg 8 12 34 21 16 17 78 80 64 13 82 43 35 13 132 129 97 6 193 93 86 13 197 190 166 13 163 129 114 9 130 67 58
62.jpg 7 26 32 18 20 11 213 211 212 13 85 41 41 34 78 80 69 1 187 59 62 10 155 99 100 2 170 131 67
63.jpg 8 15 11 9 4 20 202 215 208 15 46 49 27 7 91 125 53 12 128 125 99 14 201 200 168 9 61 81 29 5 145 172 90
64.jpg 8 24 30 19 20 18 71 53 52 12 222 208 205 10 106 69 57 7 213 183 140 11 116 99 101 6 171 122 106 8 163 141 135
65.jpg 7 8 11 32 88 8 226 221 215 18 77 70 68 5 149 76 65 41 12 8 14 10 58 25 23 6 198 184 148
66.jpg 8 30 20 14 14 12 128 100 90 12 66 38 32 13 121 64 51 3 139 151 114 18 182 119 105 3 161 77 63 4 212 192 184
67.jpg 8 22 29 17 19 12 124 133 135 10 79 32 29 7 211 184 170 11 120 53 46 13 78 62 53 8 164 104 88 13 137 110 97
68.jpg 8 10 46 119 188 13 72 77 61 25 26 21 19 8 197 124 111 12 132 139 133 10 74 43 35 12 130 122 99 6 199 198 185
69.jpg 8 29 26 19 13 20 64 20 17 7 192 28 47 1 129 121 157 6 183 143 61 16 104 50 30 11 138 34 37 6 182 172 160
70.jpg 7 12 35 32 28 15 118 125 98 30 73 87 94 14 72 75 56 8 200 188 177 11 124 101 95 7 157 173 127
71.jpg 7 12 39 26 25 4 132 189 206 8 123 145 91 11 204 193 188 21 88 66 63 25 138 119 115 15 166 179 111
72.jpg 7 23 28 18 20 20 132 88 71 8 222 202 187 8 104 97 107 15 177 138 120 16 78 46 39 6 204 160 120
73.jpg 6 8 38 34 23 15 138 188 192 23 215 217 187 40 191 215 211 7 83 98 94 5 124 110 82
74.jpg 7 25 24 15 17 13 102 119 83 27 76 87 82 12 82 58 59 3 187 185 176 11 138 162 104 4 153 104 100
75.jpg 7 18 33 22 23 16 137 125 123 24 77 56 57 16 126 87 89 12 214 205 197 2 126 46 58 9 179 145 138
76.jpg 8 32 37 34 29 3 203 103 169 9 200 195 85 11 155 156 168 6 208 68 83 10 158 82 73 14 73 30 33 10 109 94 55
77.jpg 7 24 43 34 30 12 91 95 93 17 143 119 105 16 103 69 60 3 184 105 111 11 213 200 191 14 191 160 139
78.jpg 8 28 30 20 17 16 77 26 22 13 72 74 71 4 182 31 42 11 154 163 157 10 118 30 26 3 182 119 73 11 111 95 76
79.jpg 6 3 23 21 17 16 152 185 197 66 204 215 216 4 87 81 69 3 186 169 143 5 148 154 149
80.jpg 8 19 37 26 21 17 79 85 70 8 147 59 53 9 201 165 97 14 108 64 46 15 202 200 185 10 107 120 75 4 197 67 59
81.jpg 8 27 19 15 13 10 109 104 109 4 172 39 45 9 210 208 203 22 56 45 30 5 186 131 136 10 106 96 58 9 94 52 42
82.jpg 8 28 26 17 15 2 126 166 189 10 192 119 100 6 207 193 183 19 63 39 32 10 86 76 70 13 117 71 61 7 124 112 88
83.jpg 8 33 23 17 16 23 63 52 47 4 148 65 63 15 124 114 111 5 168 141 107 7 208 200 198 7 99 62 57 2 199 62 67
84.jpg 6 35 28 20 17 26 83 67 51 10 211 205 192 14 139 132 118 3 220 208 152 9 149 124 92
85.jpg 8 31 25 20 16 21 60 62 49 14 99 57 42 6 199 191 182 6 153 139 90 4 173 83 60 12 96 97 71 3 218 184 114
86.jpg 8 15 44 35 30 11 124 144 159 13 196 180 133 20 106 82 70 16 166 136 113 12 216 216 215 3 173 102 97 5 184 195 105
87.jpg 8 15 17 9 7 17 73 68 53 7 204 197 185 11 97 59 43 6 191 171 110 18 51 31 20 14 117 110 81 7 148 105 76
88.jpg 8 8 53 82 118 16 38 30 22 17 103 101 48 5 176 167 158 2 164 60 57 15 88 70 51 22 116 141 173 11 146 140 77
89.jpg 6 39 30 29 18 9 201 201 184 3 155 181 106 12 126 125 110 7 95 110 63 28 69 71 52
90.jpg 8 19 13 14 9 17 46 51 36 8 213 219 210 11 125 157 75 14 67 81 48 11 97 119 61 8 191 200 167 8 121 128 106
91.jpg 8 26 25 20 20 18 69 65 61 13 210 205 194 3 178 66 79 14 114 125 94 1 212 201 107 10 131 90 80 11 120 121 126
92.jpg 6 11 29 25 27 36 76 73 71 7 197 208 205 14 117 81 76 7 168 175 141 21 135 128 120
93.jpg 7 27 28 25 23 26 75 73 70 12 139 146 143 5 156 179 141 9 126 119 97 12 209 211 198 5 210 218 169
94.jpg 8 10 35 24 22 12 103 120 132 12 92 85 64 12 129 124 85 12 213 214 211 14 132 90 69 8 190 177 124 16 72 47 35
95.jpg 8 31 22 16 17 9 147 167 183 5 90 56 41 16 56 51 50 5 192 164 109 24 204 208 212 7 112 109 101 1 162 71 55
96.jpg 8 12 42 28 22 15 214 213 204 14 97 57 44 13 209 187 162 18 75 78 64 10 140 107 88 12 136 131 126 4 192 134 105
97.jpg 7 17 44 32 32 20 111 105 101 18 99 60 54 4 126 133 89 27 146 108 94 5 200 171 142 5 204 192 185
98.jpg 6 7 35 25 24 46 115 110 94 3 145 162 180 16 186 170 162 22 75 71 61 4 148 91 91
99.jpg 8 23 25 19 17 18 62 59 52 10 134 115 108 2 192 101 86 14 92 56 49 9 205 193 181 13 90 96 80 7 172 133 117
100.jpg 8 2 18 59 159 14 204 193 200 21 41 22 29 15 142 103 96 26 94 94 100 6 194 131 65 3 136 40 39 7 104 134 181
101.jpg 8 10 21 111 174 3 40 23 25 13 149 153 143 14 144 180 210 36 202 205 198 2 93 47 35 17 84 147 195 1 185 134 110
102.jpg 7 4 6 60 103 1 20 22 20 19 101 142 151 31 157 160 146 25 57 120 142 5 92 90 73 11 161 183 191
103.jpg 4 35 26 44 89 8 85 72 67 51 168 153 136 3 147 106 65
104.jpg 5 15 42 113 193 4 29 25 38 49 166 174 176 16 104 141 160 13 107 109 117
105.jpg 8 13 36 31 54 11 109 64 48 11 101 30 102 11 136 15 63 2 185 172 169 17 33 26 21 8 157 41 146 23 177 122 87
106.jpg 7 15 20 98 186 8 44 36 29 43 198 184 164 12 67 130 194 9 117 106 104 5 47 77 124 5 115 138 171
107.jpg 7 21 51 144 169 7 19 18 13 13 115 113 104 27 177 174 159 3 140 85 69 16 117 179 188 10 54 62 57
108.jpg 6 66 139 138 105 7 109 63 53 5 192 195 191 6 83 84 71 7 175 111 93 6 32 26 24
109.jpg 7 7 15 25 56 21 116 109 97 10 159 170 165 6 20 67 73 18 179 166 145 23 9 6 7 12 56 49 45
110.jpg 8 17 22 71 114 16 37 21 19 14 84 80 74 6 170 170 172 1 156 67 60 14 16 55 66 14 157 135 116 15 110 83 69
111.jpg 8 27 22 65 149 12 21 28 39 10 42 55 30 14 36 105 162 5 203 203 203 7 117 113 67 13 85 137 170 7 97 77 64
112.jpg 8 24 6 76 181 6 33 15 16 11 137 125 116 7 58 128 204 11 100 148 196 23 85 62 60 9 203 197 180 5 73 134 151
113.jpg 5 33 63 87 114 41 117 135 155 10 21 18 23 5 84 78 74 8 178 182 191
114.jpg 7 14 32 56 110 7 163 190 204 19 14 14 11 24 46 57 45 15 106 111 95 7 82 55 51 10 204 209 205
115.jpg 7 8 6 22 17 11 65 126 130 19 197 198 194 1 176 80 45 29 30 63 43 16 128 161 161 13 116 128 114
116.jpg 7 14 21 32 69 8 32 14 17 9 206 194 192 30 129 97 85 4 138 57 45 17 77 63 69 16 81 80 126
117.jpg 6 6 26 17 15 11 82 118 140 28 165 159 150 28 182 205 214 8 90 82 77 14 127 160 174
118.jpg 7 28 71 79 96 14 133 141 179 9 159 145 138 10 53 42 43 10 107 93 87 18 172 175 198 7 207 198 190
119.jpg 5 25 77 124 165 38 194 185 158 18 9 25 31 10 37 68 57 6 113 114 100
120.jpg 7 5 10 21 31 29 134 141 151 14 188 165 131 19 79 99 113 11 176 172 171 13 129 124 114 6 59 62 61
121.jpg 6 30 41 37 63 13 154 145 144 23 92 83 118 17 47 42 44 8 216 211 210 6 101 90 87
122.jpg 6 36 39 99 126 13 18 31 30 9 64 75 72 21 105 155 203 10 179 185 184 7 118 124 120
123.jpg 7 4 34 60 108 10 144 134 126 68 182 173 154 1 64 33 35 4 142 89 68 7 81 100 140 2 176 95 63
124.jpg 8 9 44 63 103 21 214 214 215 8 25 18 17 14 75 71 62 6 125 138 158 2 102 40 35 14 111 100 74 23 133 130 123
125.jpg 7 18 29 66 82 5 49 109 94 2 162 55 83 26 171 181 179 22 108 106 96 1 182 172 54 23 86 98 117
126.jpg 7 26 58 127 197 6 117 120 97 18 109 186 216 15 168 160 115 21 75 163 214 7 61 100 140 4 191 145 74
127.jpg 5 59 94 126 156 4 36 38 36 20 130 147 156 11 181 177 174 3 99 77 64
128.jpg 7 11 9 11 7 39 181 180 170 11 76 101 128 10 45 51 39 14 98 123 132 8 91 96 76 2 140 118 102
129.jpg 7 12 29 30 30 9 208 202 207 39 91 91 88 21 64 85 99 5 100 77 63 9 121 124 139 2 161 118 107
130.jpg 8 16 141 151 178 2 43 40 51 10 149 132 103 12 140 141 140 6 45 62 18 24 192 193 201 19 172 144 94 7 83 96 40
131.jpg 7 5 19 15 13 10 134 121 114 11 126 135 170 9 201 205 213 44 178 158 143 12 162 177 202 5 65 61 54
132.jpg 8 29 57 77 152 5 50 42 44 9 201 191 167 12 101 107 152 14 100 88 53 10 149 154 179 8 130 118 50 9 71 54 34
133.jpg 7 35 34 81 145 9 16 19 12 16 50 62 38 13 111 145 197 5 202 203 195 8 46 70 102 10 78 92 45
134.jpg 7 14 75 98 153 20 133 156 159 9 29 26 24 9 184 178 161 15 67 85 85 16 83 101 131 13 97 103 86
135.jpg 7 22 10 44 97 8 12 25 41 12 110 136 157 35 57 90 130 4 124 127 117 11 44 58 56 4 192 201 197
136.jpg 7 15 28 81 156 7 38 40 30 29 103 108 79 11 68 124 167 10 170 186 182 12 161 151 101 12 83 129 132
137.jpg 6 19 69 119 157 7 28 27 28 62 145 140 128 2 125 72 53 7 71 69 61 1 203 146 93
138.jpg 8 25 105 144 202 2 32 13 9 17 34 124 146 5 145 164 165 24 139 166 207 8 87 91 58 10 93 147 158 4 185 182 163
139.jpg 5 6 22 23 18 9 76 77 70 13 139 163 182 49 182 173 148 21 135 130 115
140.jpg 8 16 11 13 20 18 127 137 142 2 179 84 95 22 76 101 123 24 179 190 191 1 171 173 121 12 51 57 64 1 206 37 84
141.jpg 8 20 12 39 87 8 23 40 44 9 180 172 172 10 119 96 67 29 52 78 122 10 73 66 50 4 188 148 107 7 31 17 9
142.jpg 8 25 15 68 118 15 14 35 41 4 162 164 160 5 148 41 62 14 79 101 40 9 56 63 41 16 69 104 145 9 185 162 123
143.jpg 7 9 9 21 59 15 92 94 58 23 103 122 177 30 35 69 109 3 199 190 175 8 33 67 82 8 97 112 142
144.jpg 5 6 29 27 23 2 115 132 148 32 76 79 55 23 138 139 115 34 197 204 199
145.jpg 5 8 18 19 19 67 135 134 140 3 107 90 64 15 57 61 61 4 193 181 168
146.jpg 6 32 25 68 96 1 43 40 33 14 83 122 168 39 167 158 134 8 67 96 115 4 104 97 74
147.jpg 7 16 25 72 114 12 31 28 21 24 170 152 124 3 178 89 68 17 70 74 52 13 111 91 70 11 60 90 110
148.jpg 5 5 4 42 81 17 128 133 143 38 178 180 162 5 95 88 76 32 33 92 121
149.jpg 6 19 54 94 139 7 46 45 41 37 124 130 112 25 101 127 159 2 191 185 176 7 116 136 148
150.jpg 6 7 27 15 22 9 84 84 85 12 35 68 105 10 170 173 188 21 112 127 153 37 139 139 133
151.jpg 6 38 62 84 107 24 61 75 61 13 24 30 20 7 173 147 112 11 117 105 75 3 122 123 114
152.jpg 5 87 152 160 162 2 44 46 46 2 127 95 31 1 166 19 57 5 69 52 30
153.jpg 6 13 13 17 8 21 52 57 43 12 118 119 108 21 124 142 106 14 66 82 45 15 176 179 159
154.jpg 6 28 43 59 128 8 34 35 35 7 142 144 169 37 153 174 159 8 82 85 70 9 80 88 137
155.jpg 6 11 61 78 122 59 98 81 75 16 146 141 158 5 195 191 203 3 31 33 54 3 91 91 112
156.jpg 7 56 54 104 138 9 41 37 46 2 179 186 194 7 88 85 92 20 161 142 135 2 107 59 68 1 169 151 94
157.jpg 7 29 33 96 139 15 116 140 144 22 85 130 163 8 177 195 203 8 22 53 83 6 150 151 133 9 62 110 122
158.jpg 8 17 23 39 62 41 120 137 149 1 151 84 56 3 98 83 69 5 36 35 38 19 146 130 104 7 73 81 92 4 168 167 160
159.jpg 6 14 43 66 115 35 183 171 155 33 117 154 195 2 42 27 29 5 121 110 115 8 68 73 102
160.jpg 7 23 21 21 13 17 134 127 117 13 197 192 164 29 67 64 49 2 187 100 82 12 179 183 176 1 175 167 83
161.jpg 7 3 22 70 124 50 94 118 140 2 85 51 58 1 190 54 78 9 112 110 107 30 79 120 167 2 178 153 140
162.jpg 8 19 30 97 174 9 35 30 22 10 112 116 108 13 112 136 157 13 16 49 101 12 183 181 157 12 86 145 199 9 128 110 87
163.jpg 5 7 46 62 98 62 129 162 160 16 187 197 187 11 79 121 141 1 63 49 48
164.jpg 6 35 37 41 57 33 139 128 123 6 92 63 50 14 67 63 64 3 207 188 175 7 152 112 91
165.jpg 7 16 70 79 128 3 179 174 183 5 35 21 23 30 43 61 89 9 98 78 79 1 159 73 93 33 164 143 130
166.jpg 7 25 76 97 143 24 181 172 162 9 17 17 16 8 56 54 48 16 80 97 120 11 120 111 112 4 62 75 44
167.jpg 6 18 10 16 14 33 72 134 113 6 138 163 131 33 42 53 51 4 175 167 131 3 94 90 72
168.jpg 5 28 57 86 139 22 166 173 178 24 32 28 22 22 88 84 76 2 70 85 117
169.jpg 5 38 56 88 128 26 166 174 168 13 24 21 20 20 76 76 72 1 180 89 82
170.jpg 8 12 20 29 12 9 121 145 180 14 82 101 104 12 69 80 43 8 174 186 196 22 53 68 54 4 162 151 118 16 117 137 128
171.jpg 8 12 67 114 171 13 18 24 19 14 77 90 86 15 112 110 90 16 20 67 89 4 172 172 157 18 54 55 38 5 146 126 93
172.jpg 8 28 36 84 119 12 40 77 82 5 167 81 106 6 212 173 67 16 85 84 54 8 46 25 21 19 130 119 81 3 176 74 68
173.jpg 8 21 58 82 129 11 182 198 199 12 144 145 134 1 192 97 55 24 41 76 97 18 99 128 136 5 159 145 116 4 67 53 51
174.jpg 7 11 36 31 28 27 96 86 53 7 204 194 188 17 112 120 136 13 101 90 87 15 148 117 98 7 103 63 55
175.jpg 7 17 45 99 151 16 92 104 105 11 23 28 33 12 169 179 176 13 76 93 58 9 168 156 129 18 42 49 33
176.jpg 7 49 95 119 164 11 39 39 38 9 196 165 131 7 167 179 200 11 87 89 85 4 83 65 45 5 143 120 98
177.jpg 7 12 84 117 198 6 73 74 65 11 35 60 97 28 159 155 142 7 16 20 32 6 130 117 75 26 95 121 181
178.jpg 7 24 27 63 98 8 73 103 100 16 20 39 49 9 169 184 187 13 54 53 41 12 187 179 159 15 113 111 95
179.jpg 7 8 68 118 187 10 85 129 145 1 196 88 73 15 25 24 28 26 26 80 118 35 131 140 136 1 209 181 80
180.jpg 8 28 43 100 157 16 67 118 146 6 179 168 127 4 30 28 27 10 108 136 135 16 89 133 207 12 143 150 135 4 74 69 48
181.jpg 8 36 47 80 124 15 25 22 15 7 56 78 87 5 190 194 185 9 169 158 126 12 54 55 37 3 137 91 70 10 104 103 88
182.jpg 7 24 5 12 6 2 45 96 136 22 118 120 106 7 174 177 164 33 28 44 27 3 110 73 56 6 70 101 102
183.jpg 6 40 25 66 80 12 59 98 87 19 79 118 153 7 175 164 126 7 53 61 40 11 111 115 92
184.jpg 7 23 60 95 144 4 26 28 31 18 123 115 100 38 115 145 187 5 189 186 184 2 146 85 64 7 74 66 63
185.jpg 7 5 29 29 25 5 116 101 63 23 96 117 117 30 196 183 123 24 78 104 130 4 200 202 197 4 174 134 83
186.jpg 6 39 58 75 126 8 40 60 66 17 70 102 65 9 108 111 145 16 120 129 90 7 49 39 25
187.jpg 5 26 14 40 69 7 84 118 106 17 51 53 33 34 150 152 133 14 62 84 97
188.jpg 5 19 28 49 71 30 164 163 154 15 76 91 101 17 31 33 27 17 89 91 81
189.jpg 7 18 20 26 58 13 55 50 38 27 14 13 10 13 177 165 155 12 113 100 83 11 53 61 100 2 131 72 50
190.jpg 6 15 48 22 18 2 36 61 85 21 82 56 38 34 179 167 141 19 125 95 68 6 141 141 144
191.jpg 7 42 87 108 161 4 39 34 53 6 124 121 140 1 192 144 53 35 160 142 129 1 162 38 30 7 78 57 49
192.jpg 6 2 30 61 103 6 26 30 26 9 105 106 100 24 94 135 151 50 111 144 185 6 192 190 179
193.jpg 8 11 64 105 160 27 190 189 179 18 32 33 31 14 151 133 106 7 102 63 58 13 93 97 95 1 206 201 121 6 162 93 85
194.jpg 7 53 67 96 154 7 101 133 145 4 122 148 135 5 61 53 49 1 128 40 45 19 189 191 179 7 155 142 129
195.jpg 6 27 90 106 168 6 21 12 15 14 126 115 125 27 126 134 172 11 178 160 159 13 102 77 76
196.jpg 7 8 32 66 97 11 124 124 121 18 60 71 72 19 20 22 19 12 73 55 42 23 192 192 189 5 140 108 90
197.jpg 6 10 7 10 7 36 140 143 134 10 36 73 99 32 87 108 113 2 117 91 70 7 45 52 47
198.jpg 6 10 10 17 19 35 120 150 147 20 88 120 141 24 172 177 169 2 170 122 88 6 55 69 71
199.jpg 8 10 19 39 86 15 134 123 128 25 204 174 141 7 77 86 112 12 104 109 80 8 19 61 66 14 146 130 98 4 58 83 72
200.jpg 6 15 9 8 5 11 36 36 19 30 67 97 117 10 168 159 136 16 80 74 54 15 125 111 85
201.jpg 5 35 12 12 10 14 123 158 171 17 166 188 184 23 63 63 57 8 141 135 120
202.jpg 7 32 111 144 207 9 17 18 14 9 53 57 47 9 193 189 184 15 144 168 214 13 139 134 122 9 93 85 63
203.jpg 7 15 104 143 196 14 52 46 34 19 13 10 7 10 207 191 166 18 105 93 76 3 151 176 196 17 156 135 109
204.jpg 6 23 73 116 189 10 19 14 11 18 78 70 59 4 164 160 160 30 140 121 105 12 198 178 161
205.jpg 6 41 52 85 158 10 16 15 13 7 68 64 56 20 184 180 173 11 126 118 108 9 93 129 187
206.jpg 6 4 23 52 108 12 57 52 38 23 9 8 6 28 173 166 157 29 106 94 74 2 65 91 134
207.jpg 6 22 13 11 9 14 222 225 225 16 56 50 42 28 198 189 172 11 123 114 103 5 116 89 66
208.jpg 5 23 12 10 8 17 102 94 79 30 170 159 144 25 43 41 28 3 223 225 223
209.jpg 6 37 35 35 41 19 221 222 221 8 147 140 130 17 83 79 75 11 208 193 160 5 129 125 81
210.jpg 6 34 31 29 24 18 202 217 222 17 176 160 143 8 119 121 73 12 107 98 87 9 64 64 37
211.jpg 6 4 46 80 151 16 125 115 108 19 12 11 9 34 201 192 188 11 55 50 44 12 19 43 97
212.jpg 7 16 11 10 9 16 41 39 24 8 212 216 212 10 118 117 70 13 105 101 92 20 169 149 120 12 78 70 44
213.jpg 5 47 14 44 91 12 25 26 24 14 179 173 162 7 97 95 89 17 43 80 119
214.jpg 6 55 54 90 158 11 12 12 13 8 124 120 115 10 50 51 47 9 202 196 193 4 77 99 139
215.jpg 8 25 48 88 157 18 10 10 8 11 49 51 36 16 91 131 196 6 119 114 100 7 166 140 115 8 196 189 177 4 127 158 205
216.jpg 5 13 19 43 100 12 149 142 135 28 18 17 13 12 78 73 66 33 213 205 200
217.jpg 6 24 15 12 10 13 178 203 222 10 50 46 32 11 207 191 172 27 152 134 108 12 97 83 61
218.jpg 8 22 22 14 12 8 167 142 57 10 100 120 168 10 74 67 62 12 156 145 138 17 209 188 64 13 156 164 200 6 95 76 46
219.jpg 7 16 18 18 14 10 67 58 46 17 115 142 201 10 174 166 158 20 130 112 92 12 153 171 215 12 197 173 150
220.jpg 8 35 30 53 124 4 29 25 29 4 101 91 86 20 55 88 166 5 150 159 203 8 207 198 195 14 101 129 199 6 164 148 140
221.jpg 5 1 21 46 105 49 182 180 167 24 111 111 101 12 51 53 45 12 10 11 9
222.jpg 5 18 90 127 195 11 22 16 12 31 141 124 112 27 76 64 53 10 202 191 184
223.jpg 6 38 12 15 12 20 216 219 218 6 169 139 102 9 95 102 50 18 50 55 35 6 118 109 93
224.jpg 7 30 37 67 138 11 12 13 12 3 106 100 90 34 83 119 196 8 176 158 136 6 40 41 29 4 215 206 188
225.jpg 7 16 17 19 18 12 185 193 203 33 57 63 56 5 68 83 104 14 85 86 59 8 211 201 188 9 146 133 119
226.jpg 7 10 17 17 12 19 181 196 218 16 116 106 98 11 212 198 184 13 56 56 52 17 157 136 116 9 61 70 39
227.jpg 7 33 48 79 143 6 34 35 27 23 9 7 9 9 194 181 165 11 158 129 94 9 111 96 74 6 63 49 25
228.jpg 7 19 72 106 171 10 51 43 28 34 11 10 13 8 206 194 183 8 118 111 104 9 179 152 128 8 113 89 70
229.jpg 7 19 95 128 187 10 129 118 110 20 16 14 14 11 154 115 80 14 202 188 174 12 62 52 39 11 160 99 57
230.jpg 8 17 89 121 179 12 50 45 34 19 15 12 11 9 205 195 184 2 189 130 71 16 137 117 101 13 207 177 153 9 89 66 48
231.jpg 6 32 40 29 21 20 197 173 150 13 174 119 82 7 87 81 86 12 123 100 79 14 84 53 34
232.jpg 6 14 12 14 14 19 53 56 55 24 103 129 177 5 164 168 175 29 101 104 105 6 203 199 191
233.jpg 4 20 14 11 11 26 105 103 95 33 49 51 43 20 177 174 167
234.jpg 4 40 8 7 6 17 72 28 19 17 103 40 25 24 135 54 30
235.jpg 6 43 71 102 123 7 175 145 95 12 15 19 7 15 51 58 28 13 200 192 151 7 123 117 87
236.jpg 5 15 25 13 12 39 73 62 40 34 125 112 78 2 222 217 217 8 172 162 121
237.jpg 4 12 18 17 12 24 112 109 101 43 184 177 172 18 56 54 41
238.jpg 8 7 75 107 170 17 131 120 111 14 19 12 11 11 164 122 95 13 68 60 49 13 199 188 179 14 157 94 62 8 83 51 31
239.jpg 6 42 73 108 175 12 24 21 15 11 79 71 58 8 203 195 186 18 150 134 119 7 119 141 192
240.jpg 5 24 18 19 20 17 55 48 36 15 205 194 178 12 181 150 124 30 111 99 80
241.jpg 7 27 72 110 179 14 21 18 14 14 77 72 63 13 140 133 125 13 127 155 208 9 133 106 79 7 195 187 179
242.jpg 6 55 63 98 167 7 27 22 15 9 87 78 66 15 152 140 126 4 104 126 165 6 201 195 188
243.jpg 6 27 49 83 149 18 18 16 10 14 74 69 60 13 201 194 189 23 136 128 118 2 101 116 147
244.jpg 6 32 42 73 139 15 16 14 10 12 55 51 40 17 185 180 173 19 126 116 99 2 74 91 123
245.jpg 4 70 19 16 12 24 62 55 35 1 220 217 201 3 118 107 66
246.jpg 7 14 33 30 38 9 80 85 110 21 199 201 208 21 126 117 124 10 163 133 123 12 79 67 68 10 130 136 166
247.jpg 7 18 13 16 9 11 90 90 92 6 220 213 205 9 83 94 57 31 44 51 33 15 138 130 123 7 191 169 149
248.jpg 7 46 74 107 170 10 18 14 11 8 159 149 143 9 58 53 48 14 212 203 197 3 109 127 167 7 102 94 87
249.jpg 7 10 26 10 7 27 89 61 28 5 174 168 161 16 60 17 6 17 140 103 56 12 171 150 113 10 99 41 15
250.jpg 6 35 11 10 8 30 50 50 48 7 148 155 154 6 97 107 122 14 107 107 97 5 201 198 188
251.jpg 7 19 54 86 135 5 126 129 133 17 17 14 10 17 70 73 72 11 203 192 176 18 145 127 107 10 69 58 41
252.jpg 7 30 127 155 214 12 17 18 16 12 141 128 121 19 205 197 195 9 34 48 26 7 142 162 203 7 79 72 68
253.jpg 7 20 16 11 13 19 123 117 119 18 117 147 206 3 102 26 35 11 198 189 184 13 59 51 49 12 152 175 218
254.jpg 4 14 19 17 10 23 217 218 215 34 59 55 44 27 115 108 94
255.jpg 5 7 16 11 7 25 97 87 69 44 154 138 112 15 51 45 30 7 208 199 180
256.jpg 4 11 28 26 25 33 221 221 222 38 77 72 70 17 138 130 126
257.jpg 6 33 31 23 25 15 87 85 93 22 87 58 50 8 222 218 216 12 141 138 146 7 145 104 88
258.jpg 7 9 14 15 11 47 191 194 215 13 108 111 112 5 213 200 172 6 85 79 52 9 48 47 38 7 147 128 102
259.jpg 7 16 21 10 7 12 115 121 139 18 184 182 179 12 65 50 44 18 113 102 96 11 149 127 100 10 89 59 38
260.jpg 6 20 17 14 9 32 53 50 38 3 216 216 204 10 97 101 93 21 101 94 67 11 154 148 118
261.jpg 7 33 22 17 15 13 128 145 187 18 79 66 55 4 169 174 189 11 127 118 109 9 155 129 106 10 201 188 176
262.jpg 6 21 13 10 9 21 211 205 196 30 53 51 46 2 95 120 140 11 157 147 135 10 102 92 81
263.jpg 7 19 33 59 108 30 39 38 34 8 92 86 74 21 66 99 159 8 192 183 168 5 97 118 155 6 138 126 101
264.jpg 6 32 35 58 108 9 22 22 19 6 102 92 73 37 84 114 176 3 179 180 187 9 187 172 147
265.jpg 6 19 15 12 10 26 215 217 217 27 49 44 37 16 94 92 89 2 104 58 42 6 150 141 133
266.jpg 4 19 26 26 20 26 86 82 74 35 147 141 133 18 195 189 184
267.jpg 4 11 31 24 18 27 79 69 59 46 142 128 114 14 198 187 178
268.jpg 5 13 23 7 6 23 95 82 61 45 50 34 19 14 152 146 121 3 210 206 192
269.jpg 5 30 17 12 10 33 66 55 44 7 155 157 153 18 139 120 104 10 215 201 188
270.jpg 6 29 75 114 174 10 13 10 8 24 177 173 156 19 150 178 208 7 55 52 41 9 103 99 85
271.jpg 6 8 30 29 18 19 105 124 153 19 133 121 113 28 164 183 208 12 199 184 171 11 75 69 57
272.jpg 7 33 81 117 184 13 12 12 11 9 96 90 81 19 199 192 186 10 49 46 38 11 146 136 126 2 108 125 160
273.jpg 6 55 10 10 8 3 135 137 144 9 99 94 61 6 148 137 98 20 54 52 31 3 207 197 164
274.jpg 7 62 11 10 11 4 89 94 97 7 151 138 116 6 102 89 68 6 210 198 178 7 52 45 32 5 130 136 149
275.jpg 6 23 26 48 111 12 72 69 55 20 20 20 15 5 155 160 174 13 136 129 110 24 187 180 163
276.jpg 6 53 10 10 9 14 226 225 224 4 134 112 85 8 107 113 106 16 56 60 44 3 193 157 121
277.jpg 5 13 21 16 16 38 126 119 120 12 188 178 172 26 72 62 59 9 142 113 97
278.jpg 8 36 95 126 195 16 14 15 15 9 94 85 75 7 151 144 139 8 133 153 203 11 50 51 47 5 140 119 99 4 212 204 198
279.jpg 7 22 98 126 192 5 32 42 61 15 86 80 68 28 31 33 20 6 193 181 174 10 136 153 201 11 140 125 115
280.jpg 6 36 84 123 193 13 13 16 14 14 110 110 100 16 167 166 152 5 112 136 173 13 52 54 45
281.jpg 8 16 9 12 17 13 124 113 80 23 110 147 200 11 150 152 141 13 33 37 23 5 128 150 175 9 183 173 146 6 38 55 79
282.jpg 6 14 34 35 24 20 186 186 181 17 77 77 67 20 78 74 37 16 127 126 115 11 129 118 77
283.jpg 5 40 42 35 25 4 143 162 176 14 178 152 121 26 205 209 205 14 98 81 61
284.jpg 6 33 42 38 24 17 152 185 208 15 105 95 71 12 181 179 157 11 162 139 99 9 206 186 145
285.jpg 6 21 126 161 209 12 28 25 16 11 76 69 51 28 180 167 143 20 133 119 95 5 153 173 195
286.jpg 6 30 118 154 208 9 25 21 13 9 63 60 39 8 179 178 167 31 180 161 126 10 116 105 75
287.jpg 7 15 125 161 217 13 127 113 89 18 30 30 22 7 161 159 149 25 64 67 62 10 185 163 128 8 208 200 177
288.jpg 7 28 115 154 214 7 22 22 13 14 106 104 86 18 173 172 157 14 151 136 99 12 58 57 42 4 138 162 194
289.jpg 7 23 68 110 189 16 26 29 23 15 109 103 84 13 156 135 96 7 143 147 149 10 103 138 196 12 184 177 160
290.jpg 6 44 42 41 30 21 160 171 197 12 166 151 146 12 87 82 63 5 214 201 191 3 135 104 80
291.jpg 6 20 40 42 37 39 136 124 111 8 134 69 53 16 187 175 165 7 161 108 92 7 71 74 51
292.jpg 5 15 24 21 19 16 74 66 61 37 202 213 216 18 135 121 112 11 185 168 155
293.jpg 8 36 94 126 202 7 21 23 21 6 97 101 109 11 130 114 89 7 199 191 191 8 126 145 191 12 65 63 54 10 136 132 127
294.jpg 6 43 138 163 208 12 19 19 18 9 52 53 47 16 145 138 116 6 196 192 182 11 96 96 83
295.jpg 4 41 9 10 12 20 46 59 59 33 87 103 103 3 179 186 187
296.jpg 7 15 33 30 31 21 85 109 117 3 160 68 69 31 153 168 174 16 69 73 68 7 89 58 46 6 148 133 120
297.jpg 7 33 9 7 8 7 42 33 16 10 123 124 114 14 139 121 84 15 189 191 185 10 193 179 144 7 88 71 38
298.jpg 8 34 99 141 209 7 17 19 13 10 98 93 66 8 147 148 138 8 111 141 186 11 167 151 120 9 52 54 42 9 200 196 180
299.jpg 6 11 16 20 14 36 123 167 200 9 102 101 85 14 170 166 149 13 170 202 214 13 49 52 41
300.jpg 8 27 11 7 11 27 61 61 72 12 113 5 12 8 206 206 207 12 122 119 121 5 137 102 88 1 202 154 64 5 68 18 21
301.jpg 7 28 7 10 18 20 158 152 152 19 83 158 214 3 123 33 45 14 22 47 61 4 185 7 20 8 93 121 146
302.jpg 8 7 74 138 200 4 89 18 25 12 148 140 138 22 77 75 76 28 13 11 15 5 168 5 13 10 213 207 206 8 126 15 19
303.jpg 8 29 8 5 6 6 148 136 141 6 84 43 43 20 41 49 67 7 134 12 31 10 89 93 107 10 114 46 45 9 195 187 183
304.jpg 6 29 9 10 12 3 107 41 39 37 90 115 149 10 196 193 195 12 67 67 70 5 152 8 16
305.jpg 7 8 27 50 78 12 70 61 65 3 172 189 211 25 24 10 13 31 130 117 123 12 215 208 202 6 72 91 119
306.jpg 7 15 14 15 22 17 184 4 17 17 136 148 160 18 214 216 215 7 159 110 116 4 134 21 31 18 57 67 75
307.jpg 8 20 10 14 17 16 78 79 88 4 125 39 47 10 213 206 207 11 85 111 79 13 21 47 27 18 140 142 154 4 166 18 37
308.jpg 8 8 13 32 67 23 118 126 134 5 178 94 98 14 173 191 194 12 51 68 76 6 194 44 60 20 8 13 18 8 228 213 212
309.jpg 7 10 29 64 112 9 114 103 116 22 28 11 18 28 189 192 206 13 98 112 141 13 59 51 68 2 158 120 112
310.jpg 8 25 8 11 16 13 150 147 156 4 87 28 32 18 97 149 193 15 58 67 73 5 194 30 43 10 226 206 206 6 166 63 71
311.jpg 8 6 40 59 74 6 173 84 48 12 198 197 186 25 113 156 192 17 70 67 54 10 199 67 30 6 103 57 41 15 16 12 9
312.jpg 8 10 13 111 198 8 40 54 96 27 28 12 18 6 147 104 90 12 153 162 194 7 46 147 213 18 98 87 96 8 196 201 214
313.jpg 8 20 17 13 16 5 106 39 47 18 140 200 223 9 210 199 196 6 36 61 98 10 195 7 23 23 109 109 125 5 160 30 44
314.jpg 8 4 17 51 108 10 155 159 199 20 28 13 19 15 208 199 205 23 62 44 41 3 170 133 119 9 109 96 102 13 34 38 63
315.jpg 7 21 9 8 13 15 219 213 214 5 154 6 13 17 98 104 129 26 45 47 55 4 94 16 20 8 121 115 116
316.jpg 8 18 11 8 13 5 90 22 30 12 123 131 142 7 208 184 169 15 182 9 24 10 34 53 72 23 182 204 214 7 153 34 42
317.jpg 8 24 9 8 9 6 132 41 53 14 97 100 114 6 191 184 189 13 164 12 30 10 87 84 73 16 43 37 38 7 201 5 34
318.jpg 8 23 20 12 17 6 171 111 39 13 67 76 102 10 97 18 23 3 158 192 217 6 226 208 66 5 180 172 171 31 105 96 104
319.jpg 8 13 19 10 13 7 55 121 61 12 221 210 209 15 123 113 119 26 58 65 83 8 108 73 61 9 52 47 39 6 167 127 120
320.jpg 8 20 15 11 16 6 79 17 24 17 94 96 112 7 163 158 168 19 178 6 21 4 206 122 132 17 213 214 218 7 151 28 42
321.jpg 7 18 69 121 158 19 210 202 203 8 33 33 49 14 75 64 68 25 28 10 13 10 137 124 125 1 81 25 19
322.jpg 7 38 11 11 14 11 21 43 65 8 116 12 20 14 221 213 191 7 86 30 28 11 87 98 114 7 139 137 145
323.jpg 6 10 11 63 118 28 203 204 207 19 19 11 18 10 27 35 53 10 119 122 134 19 64 68 77
324.jpg 8 31 13 12 13 4 156 129 72 6 136 163 204 17 74 77 85 10 185 185 183 7 221 197 71 15 103 69 67 7 182 119 31
325.jpg 8 25 17 13 17 5 131 156 195 8 210 137 170 5 197 48 48 19 51 58 65 19 206 208 212 4 120 57 52 12 112 107 110
326.jpg 8 31 17 15 15 8 100 57 19 9 89 145 177 4 191 164 91 17 105 105 99 7 192 198 186 11 143 78 18 9 221 176 47
327.jpg 8 33 9 6 6 5 79 22 23 13 59 62 65 8 143 152 160 11 164 7 15 13 204 197 191 7 121 108 100 7 149 44 45
328.jpg 7 23 20 11 15 3 146 66 58 13 60 125 172 17 55 67 81 5 193 167 140 29 130 136 151 6 198 69 39
329.jpg 8 5 55 116 186 13 220 220 136 20 45 40 32 28 9 8 8 6 196 194 174 7 32 63 96 12 90 73 53 7 91 106 121
330.jpg 8 7 66 151 210 14 174 6 19 8 55 69 92 22 13 9 10 15 211 209 206 8 122 72 59 4 134 27 40 18 107 99 95
331.jpg 8 16 13 18 20 10 191 9 35 14 158 182 199 20 63 74 77 4 90 21 27 4 223 211 213 24 128 128 134 4 147 26 40
332.jpg 8 11 21 14 13 4 117 16 25 12 74 86 92 13 221 211 197 15 122 110 105 27 184 5 21 7 157 170 197 7 164 129 119
333.jpg 8 19 9 9 12 17 136 127 124 20 29 125 164 8 220 222 222 7 111 81 71 13 130 171 191 1 111 19 27 11 45 65 79
334.jpg 8 13 14 14 19 5 98 35 44 22 212 218 220 13 70 84 95 12 166 8 24 20 130 135 145 7 142 30 42 5 203 151 154
335.jpg 8 24 9 10 13 11 127 160 199 5 143 15 34 24 216 214 209 11 47 58 65 5 88 25 34 13 125 126 135 3 172 133 130
336.jpg 7 20 21 13 18 8 164 187 204 8 64 88 114 15 111 107 112 21 195 187 182 5 140 96 92 19 55 52 57
337.jpg 6 19 19 11 17 20 150 168 199 16 215 211 202 19 112 107 117 10 103 95 73 12 59 53 55
338.jpg 8 10 22 9 14 4 133 85 49 19 107 151 200 6 209 215 218 20 55 58 78 8 206 141 51 12 123 109 121 16 136 158 192
339.jpg 8 34 15 11 13 26 57 50 55 3 109 113 144 2 200 133 85 6 65 79 41 9 110 85 81 10 211 212 208 6 164 158 156
340.jpg 8 29 10 10 17 11 146 142 141 5 154 22 25 5 64 131 195 6 215 173 70 25 83 85 95 4 67 28 19 12 197 206 204
341.jpg 7 34 14 10 15 13 143 155 202 3 108 34 36 31 83 75 88 11 217 203 195 1 210 139 49 3 158 8 16
342.jpg 8 21 21 10 10 17 89 78 72 22 215 217 213 9 112 75 49 3 117 133 149 8 160 145 134 11 37 41 46 5 155 97 67
343.jpg 8 15 40 131 207 16 32 19 22 21 185 178 177 7 216 178 92 16 100 94 102 7 101 92 67 12 95 145 196 3 135 80 49
344.jpg 8 9 10 130 192 21 179 5 23 10 68 86 99 18 12 21 45 8 128 28 45 10 141 147 158 19 16 11 13 1 207 184 145
345.jpg 7 30 10 7 9 12 123 150 195 12 49 53 60 5 200 195 188 4 63 14 11 20 124 106 103 13 203 186 154
346.jpg 8 16 14 10 13 13 160 6 22 18 74 71 78 12 223 217 221 13 119 97 93 3 90 17 26 17 129 124 141 4 164 61 75
347.jpg 8 19 118 150 186 5 180 6 25 12 25 14 11 23 100 83 77 13 112 66 51 9 224 218 213 3 170 93 71 11 161 139 122
348.jpg 8 29 18 15 14 11 196 208 203 7 109 51 27 8 70 80 101 4 208 158 92 15 62 66 53 9 198 102 45 13 127 123 113
349.jpg 8 21 24 13 16 1 64 112 162 6 138 112 85 9 190 189 190 36 117 111 114 17 69 66 69 3 222 190 80 5 169 129 61
350.jpg 7 14 61 100 141 6 171 116 56 28 63 64 64 24 11 12 11 7 174 165 161 10 226 192 71 8 106 87 71
351.jpg 8 34 6 6 10 6 136 150 200 13 226 218 211 2 171 34 35 8 90 93 104 8 23 35 58 16 142 133 139 10 55 50 44
352.jpg 8 22 14 15 11 8 180 19 33 18 153 184 213 17 66 68 77 7 140 58 61 8 50 73 48 7 212 192 190 10 129 127 128
353.jpg 7 16 14 18 15 13 172 194 215 23 73 70 70 12 135 106 103 15 50 75 49 6 205 202 195 11 105 123 115
354.jpg 8 18 18 15 15 4 120 51 54 19 136 172 213 13 62 61 71 7 199 192 194 16 204 49 51 12 108 97 98 7 187 72 73
355.jpg 7 23 12 12 11 25 67 71 74 6 111 23 25 5 149 117 62 33 137 140 147 3 167 14 26 3 224 201 67
356.jpg 8 31 10 10 10 12 179 195 216 6 219 198 139 14 62 57 53 12 123 112 118 5 104 71 50 7 166 143 140 9 44 18 14
357.jpg 8 10 17 13 18 9 190 18 29 33 175 203 220 5 226 206 121 14 65 81 101 15 90 86 88 4 130 37 36 6 159 147 134
358.jpg 7 34 18 9 11 22 88 136 172 11 127 114 116 4 211 208 200 6 42 54 69 12 38 37 30 8 85 70 61
359.jpg 8 22 33 20 27 6 163 119 69 6 70 118 152 21 128 121 126 12 72 53 52 6 206 195 187 20 146 155 183 3 217 158 60
360.jpg 8 25 8 12 7 13 156 130 127 2 189 17 38 14 62 66 68 13 83 98 64 8 197 201 197 3 116 37 39 18 34 49 26
361.jpg 8 9 12 11 15 32 202 210 212 2 99 27 36 10 61 72 73 4 171 137 132 6 197 7 30 30 125 124 131 3 167 42 55
362.jpg 8 31 13 10 13 7 144 156 185 14 217 215 212 5 197 199 90 5 101 68 56 18 126 120 125 14 54 49 51 2 168 101 78
363.jpg 7 19 16 17 16 24 159 176 195 11 94 126 81 19 69 67 73 10 214 212 207 11 122 110 111 1 111 39 36
364.jpg 8 17 13 17 22 5 110 41 53 27 170 204 216 11 109 119 106 15 179 5 19 11 69 92 111 5 177 51 69 4 202 176 182
365.jpg 8 11 19 17 10 12 205 201 196 3 164 23 32 24 90 96 103 13 97 95 65 4 120 57 54 24 136 134 136 4 197 140 114
366.jpg 6 39 17 12 12 14 49 59 57 6 210 96 44 6 189 200 199 27 118 100 93 5 153 87 58
367.jpg 8 12 62 138 203 20 153 143 144 23 11 13 13 3 96 29 30 15 216 218 210 5 210 170 125 15 63 73 71 3 147 14 21
368.jpg 8 14 15 21 31 19 155 5 17 7 110 112 124 22 132 163 203 7 226 208 204 6 118 32 40 16 107 106 83 4 60 18 26
369.jpg 8 25 18 19 13 10 111 131 137 3 177 16 33 15 45 53 60 5 99 73 44 22 76 74 65 13 206 201 201 3 153 73 77
370.jpg 8 18 14 12 18 14 216 72 44 10 87 100 131 13 151 107 114 8 198 203 213 7 176 90 80 12 117 111 127 15 49 51 61
371.jpg 8 22 61 121 193 5 189 193 201 32 26 8 12 5 195 42 42 9 27 42 73 6 210 189 153 11 85 69 75 6 216 177 126
372.jpg 8 23 10 11 7 5 124 29 33 6 186 203 214 12 173 133 122 15 45 52 43 12 221 213 188 14 171 6 19 9 105 108 105
373.jpg 7 5 13 44 101 15 114 105 117 18 24 12 21 27 164 185 196 11 38 60 82 5 214 210 204 14 15 87 140
374.jpg 8 13 25 14 13 10 194 24 38 11 129 113 129 16 84 45 44 10 149 43 47 16 224 222 222 15 131 71 68 4 225 203 170
375.jpg 8 23 10 9 10 24 81 78 75 16 110 144 198 6 219 201 147 2 200 65 56 12 133 101 80 10 157 160 178 4 57 12 14
376.jpg 7 16 15 8 8 19 206 15 40 14 157 191 225 12 108 43 47 10 170 39 53 5 176 147 154 19 62 58 66
377.jpg 8 12 14 8 10 20 204 15 36 8 99 150 198 11 135 84 83 3 220 178 55 15 166 160 168 9 160 41 50 17 55 59 67
378.jpg 8 15 12 11 12 22 212 208 206 3 117 33 33 26 92 118 139 12 54 64 45 6 162 7 17 2 212 127 71 10 109 103 92
379.jpg 7 14 12 13 11 21 71 103 62 15 206 210 205 11 61 63 57 3 215 199 147 23 106 102 110 10 144 138 133
380.jpg 8 13 12 10 13 12 112 106 97 4 120 19 30 17 95 132 163 22 203 203 194 11 26 51 62 12 154 123 110 5 162 5 20
381.jpg 8 20 24 23 30 9 199 16 30 17 156 187 208 15 133 125 132 7 95 35 38 8 63 81 65 12 207 202 196 7 144 32 37
382.jpg 8 17 71 142 209 19 212 27 46 7 207 217 215 18 12 16 18 8 63 9 15 11 75 81 87 4 169 54 61 11 202 185 161
383.jpg 8 22 21 14 14 21 189 207 213 14 181 145 109 6 59 83 96 9 67 91 68 10 130 135 134 3 153 175 134 11 69 67 58
384.jpg 7 19 20 46 77 20 149 169 193 9 224 215 198 14 32 14 17 15 206 161 123 11 67 67 75 8 133 118 117
385.jpg 8 17 14 5 9 9 86 16 28 22 126 178 214 4 41 57 77 22 181 4 27 1 214 168 145 9 136 17 33 11 121 122 129
386.jpg 7 23 11 11 13 13 114 102 93 23 126 146 196 2 198 126 52 21 217 205 196 2 167 23 36 12 42 55 68
387.jpg 8 7 15 89 145 11 215 213 198 10 22 51 71 11 22 84 56 34 22 17 16 9 84 88 81 7 116 173 204 7 150 125 106
388.jpg 8 27 73 129 188 6 110 40 48 20 14 9 13 11 51 60 80 4 213 139 66 8 206 205 212 5 186 47 64 15 107 92 103
389.jpg 7 18 18 16 16 17 200 209 207 6 119 76 36 30 76 65 63 19 135 128 126 5 181 120 30 2 221 181 72
390.jpg 7 6 31 48 65 7 87 129 166 21 148 124 120 14 216 213 207 1 164 59 49 37 34 18 14 11 65 59 50
391.jpg 8 31 27 33 20 13 149 193 213 4 116 24 29 11 206 213 215 13 69 77 54 20 113 115 127 3 207 32 49 1 215 182 100
392.jpg 8 10 67 146 207 20 112 7 12 10 83 68 62 23 16 11 12 10 154 186 207 3 187 43 30 14 152 122 111 7 222 217 206
393.jpg 8 28 11 15 12 4 175 188 191 8 192 146 54 4 119 23 24 13 114 100 75 15 38 63 60 17 171 151 121 9 225 202 79
394.jpg 7 21 16 11 9 8 222 212 170 13 136 118 126 15 64 49 40 15 202 174 89 20 112 84 70 6 147 115 82
395.jpg 8 14 10 8 8 12 148 144 155 5 134 73 80 19 66 88 97 12 82 95 62 18 194 192 190 4 138 31 41 13 39 45 38
396.jpg 8 26 9 12 14 3 97 33 39 16 139 134 143 9 136 136 106 9 187 10 28 22 44 64 60 7 218 208 208 5 177 67 77
397.jpg 8 26 9 11 9 15 163 119 112 3 161 34 46 20 41 55 47 9 220 216 197 3 70 15 17 15 92 107 102 6 193 11 33
398.jpg 8 31 8 10 12 23 169 168 166 4 105 57 36 16 39 61 66 2 213 176 93 1 161 24 23 11 93 92 95 8 221 133 46
399.jpg 8 25 22 23 26 9 194 27 36 15 102 100 106 9 206 217 212 9 62 79 50 6 140 48 47 16 163 157 140 7 189 146 123
400.jpg 7 2 34 23 12 67 229 228 230 18 228 217 193 3 88 78 63 3 151 143 128 1 82 46 27 2 138 109 82
401.jpg 7 2 41 18 10 69 228 228 229 15 213 193 158 2 131 113 99 2 125 87 54 4 82 47 25 2 169 140 91
402.jpg 8 56 228 228 228 1 87 35 10 3 163 144 121 19 225 165 128 3 124 49 13 9 227 189 163 3 168 100 47 3 136 93 60
403.jpg 5 2 29 56 86 88 221 224 226 3 73 99 127 1 31 33 48 2 126 139 150
404.jpg 6 4 23 24 31 71 226 227 226 10 228 216 155 7 73 76 88 2 107 117 146 3 128 131 141
405.jpg 5 4 35 32 29 57 228 228 228 23 228 225 175 8 140 137 129 6 82 80 73
406.jpg 7 2 35 22 4 64 227 227 227 18 228 212 170 2 118 110 78 4 159 138 73 3 113 88 36 3 71 52 17
407.jpg 8 73 227 227 227 1 61 31 22 6 225 208 190 2 151 125 102 10 225 199 157 1 115 54 31 2 186 130 101 1 163 77 44
408.jpg 6 6 33 26 22 48 227 227 227 20 211 192 158 8 124 123 116 7 95 90 45 8 73 66 58
409.jpg 5 3 18 23 11 74 228 228 229 8 220 199 177 7 60 66 48 5 122 130 105
410.jpg 8 3 29 8 12 57 228 227 227 2 123 19 33 19 218 221 196 3 105 85 80 3 58 8 20 5 144 135 126 3 87 13 24
411.jpg 5 3 36 27 19 27 223 198 145 55 227 227 227 8 85 77 69 5 142 135 126
412.jpg 6 2 19 25 17 63 224 225 227 17 206 211 188 7 60 71 57 6 125 132 121 3 80 103 70
413.jpg 6 70 228 228 228 2 187 180 163 3 137 53 19 18 229 225 184 2 165 124 90 2 189 117 66
414.jpg 6 5 20 19 26 61 227 227 227 19 226 218 177 7 57 56 61 3 158 156 143 3 102 100 97
415.jpg 7 3 31 28 19 61 222 224 224 24 222 218 191 4 77 74 63 1 137 107 69 3 125 124 113 1 188 153 104
416.jpg 5 3 18 24 9 75 224 227 228 13 223 217 176 3 71 77 49 4 141 145 111
417.jpg 7 2 29 31 16 73 226 226 226 11 215 199 173 3 66 86 61 3 129 116 79 2 82 63 41 2 122 144 111
418.jpg 6 2 50 28 15 60 229 229 230 5 168 131 90 21 223 217 195 3 110 86 79 5 110 72 41
419.jpg 5 3 24 29 10 71 228 228 228 12 205 208 177 7 65 73 40 5 121 128 90
420.jpg 7 2 59 58 26 87 229 228 227 1 64 99 42 2 110 104 59 2 183 175 133 1 190 170 90 1 112 140 62
421.jpg 7 63 228 228 229 1 33 14 8 24 221 207 180 2 92 49 19 1 157 127 98 3 137 91 48 2 183 142 85
422.jpg 8 6 40 32 32 56 225 226 227 3 124 96 68 13 208 213 174 8 80 72 74 4 124 116 114 4 80 55 46 3 168 136 94
423.jpg 6 61 226 226 227 29 226 221 196 2 52 72 38 1 179 189 110 2 91 113 63 1 128 155 91
424.jpg 5 5 49 30 18 68 223 224 223 11 213 193 146 8 102 78 57 7 148 126 99
425.jpg 6 2 44 33 42 74 215 216 217 12 208 216 183 4 150 149 152 2 88 72 96 3 94 91 92
426.jpg 6 4 40 21 16 52 226 226 228 17 226 224 189 10 81 51 44 8 152 121 112 6 120 75 64
427.jpg 7 3 59 28 17 84 229 229 229 1 140 121 100 2 207 192 160 2 92 61 32 2 148 117 66 2 204 184 121
428.jpg 5 9 54 39 38 67 225 225 227 10 218 190 172 8 107 88 85 4 156 140 138
429.jpg 6 3 57 58 32 83 227 227 226 7 95 104 57 2 148 160 123 1 114 89 53 1 188 169 126
430.jpg 6 3 74 44 21 75 226 226 227 4 129 92 58 1 145 65 46 4 182 144 99 10 211 182 161
431.jpg 5 2 40 41 47 71 227 227 227 18 228 222 173 4 91 93 100 2 158 156 153
432.jpg 7 2 60 40 19 69 225 225 225 2 114 98 76 3 86 36 15 16 207 192 163 2 131 68 40 2 152 121 87
433.jpg 7 3 42 24 10 68 226 226 226 3 85 66 45 17 224 178 150 2 156 141 119 2 118 92 53 1 164 144 92
434.jpg 6 2 52 38 23 68 226 227 226 20 224 219 191 3 95 80 62 1 145 121 63 2 144 132 117
435.jpg 6 73 227 227 227 2 64 53 22 13 222 207 176 5 127 115 68 3 177 166 95 2 100 68 27
436.jpg 4 10 58 56 38 78 225 222 221 5 116 108 79 4 187 173 146
437.jpg 6 3 56 44 29 61 228 228 228 23 218 201 163 5 97 84 63 2 150 140 94 3 147 138 124
438.jpg 7 4 55 20 22 66 228 228 229 16 212 212 181 5 100 58 59 2 189 152 117 2 145 114 114 2 150 101 90
439.jpg 6 71 229 229 230 2 49 48 24 18 227 217 191 2 153 151 96 3 102 102 65 1 200 191 117
440.jpg 7 4 34 30 34 62 227 227 228 7 129 125 133 3 123 132 76 12 217 219 190 7 78 74 84 2 77 77 53
441.jpg 7 2 33 35 24 62 229 229 230 20 215 213 178 5 72 77 52 2 182 175 100 2 118 116 68 3 124 128 109
442.jpg 6 3 50 30 13 71 227 227 227 5 151 128 96 11 221 208 183 4 89 69 45 3 115 74 40
443.jpg 5 5 48 25 15 60 227 226 226 20 217 201 165 8 93 64 49 5 147 121 104
444.jpg 7 4 64 24 17 62 226 226 227 23 199 203 167 2 107 71 62 1 163 132 122 4 124 66 54 1 188 147 112
445.jpg 7 5 46 41 35 55 226 227 226 20 228 221 181 6 92 88 80 3 152 125 105 4 93 65 44 4 141 137 130
446.jpg 7 1 53 33 16 68 227 227 227 2 128 106 78 17 218 204 181 3 89 48 16 3 178 146 92 3 135 88 47
447.jpg 4 2 56 37 15 78 227 226 223 8 103 81 45 10 150 130 87
448.jpg 4 4 48 37 36 82 225 225 226 6 88 83 83 5 142 141 142
449.jpg 6 5 41 34 20 59 229 228 230 13 222 207 173 11 80 75 49 4 139 135 116 4 115 114 72
450.jpg 7 63 226 227 227 1 35 18 7 22 228 216 172 2 153 137 109 2 154 129 61 3 117 88 40 3 80 53 20
451.jpg 5 6 41 29 36 63 226 226 225 22 219 204 182 3 158 156 148 4 100 91 92
452.jpg 6 5 33 24 11 60 228 228 229 3 81 74 59 22 207 192 181 4 136 116 86 3 90 64 36
453.jpg 7 3 33 16 16 74 229 228 230 12 224 218 195 1 34 65 59 2 147 131 128 2 84 65 62 1 110 144 133
454.jpg 4 6 27 29 23 86 225 223 222 3 153 162 147 3 80 83 74
455.jpg 7 10 40 22 11 52 228 227 227 4 164 148 121 4 135 94 51 17 217 199 162 6 83 47 16 3 92 75 55
456.jpg 7 3 32 14 6 82 226 227 226 3 73 50 29 4 204 209 179 1 176 143 101 1 131 115 97 1 118 88 54
457.jpg 6 2 50 28 18 79 228 226 223 1 82 111 83 2 138 98 41 7 150 136 97 5 95 73 43
458.jpg 7 57 229 228 229 3 46 26 14 24 212 185 134 4 97 49 18 2 113 107 100 4 152 99 55 3 148 128 102
459.jpg 8 55 229 229 231 3 27 12 5 5 224 203 184 4 66 41 23 23 229 184 148 2 144 126 107 2 155 133 88 3 106 79 54
460.jpg 7 1 46 22 10 73 229 228 230 2 145 124 99 13 228 222 198 2 180 142 91 3 90 53 24 2 133 80 39
461.jpg 6 4 30 13 8 60 226 226 225 21 212 188 158 4 113 89 73 3 158 122 80 4 67 37 22
462.jpg 7 56 228 227 227 4 31 14 8 29 225 177 146 2 74 57 43 2 144 130 115 2 94 57 33 2 148 122 80
463.jpg 6 69 229 228 229 2 28 21 6 21 219 199 153 2 85 74 44 2 134 133 98 1 178 138 81
464.jpg 6 3 36 10 10 83 227 227 228 2 194 169 154 5 81 30 27 3 194 152 118 2 139 80 67
465.jpg 7 3 23 13 8 75 226 226 226 2 66 41 25 9 211 198 167 3 167 127 73 2 111 61 30 2 128 100 80
466.jpg 7 1 19 15 16 65 225 226 225 21 218 203 159 3 84 85 55 2 137 139 122 3 133 136 92 2 42 43 20
467.jpg 7 3 31 25 12 72 228 228 229 14 227 215 187 4 78 70 43 2 123 116 87 1 117 81 40 1 153 156 104
468.jpg 7 4 30 33 50 65 228 228 229 2 78 58 41 18 221 201 188 3 74 89 125 3 99 103 117 2 140 114 83
469.jpg 6 1 37 22 8 91 227 226 224 1 168 119 83 1 126 119 100 1 80 64 40 1 172 155 120
470.jpg 8 3 41 32 25 64 228 228 229 4 94 88 71 14 216 211 188 2 98 73 40 1 130 73 33 4 142 138 117 3 145 126 81
471.jpg 6 3 42 19 10 82 223 221 222 3 94 65 48 3 74 23 17 3 154 124 106 2 124 65 51
472.jpg 7 3 21 24 45 72 228 228 229 15 219 204 172 2 66 49 43 3 74 80 106 2 166 121 72 2 114 79 52
473.jpg 7 3 23 21 20 74 228 228 228 4 220 200 174 4 63 61 61 3 148 149 151 4 215 177 128 5 103 103 103
474.jpg 7 73 228 227 228 1 86 38 24 2 174 147 121 16 220 207 176 1 102 27 13 2 151 104 79 1 148 74 54
475.jpg 8 5 35 14 8 55 229 228 230 6 74 39 23 20 229 215 192 2 124 97 78 4 94 29 17 2 185 152 104 3 135 87 57
476.jpg 7 3 39 31 39 62 229 228 230 22 218 207 179 2 152 122 72 2 108 95 83 5 87 85 110 1 199 162 89
477.jpg 4 8 105 78 70 83 226 226 229 4 150 128 110 3 194 181 160
478.jpg 6 2 42 23 12 76 223 222 223 9 212 186 145 3 132 120 108 4 140 113 81 3 90 61 36
479.jpg 7 66 226 227 227 2 54 28 14 18 224 201 159 3 94 39 19 2 111 93 75 2 143 96 64 3 164 153 136
480.jpg 7 3 36 27 26 72 228 227 227 1 101 56 35 12 228 213 190 4 79 75 78 2 171 119 93 3 123 119 122
481.jpg 7 1 29 21 22 69 229 229 231 5 134 131 133 17 228 224 200 1 84 63 35 3 72 69 72 1 141 114 65
482.jpg 5 2 40 23 10 63 225 225 225 19 207 185 162 7 84 64 37 6 131 115 86
483.jpg 7 3 33 33 51 82 228 225 224 1 110 78 49 3 107 102 143 3 160 156 183 3 91 92 98 2 151 130 103
484.jpg 8 2 41 45 70 67 228 228 229 15 227 212 180 1 105 77 52 4 86 92 117 2 41 33 32 3 107 106 111 2 148 113 70
485.jpg 7 3 36 18 10 55 226 226 225 23 211 193 156 4 95 75 58 3 120 72 53 4 71 33 19 3 148 128 110
486.jpg 5 8 33 29 23 52 229 228 230 25 228 218 161 9 88 86 82 4 142 136 119
487.jpg 5 4 28 35 25 56 228 228 228 25 229 220 192 6 83 89 76 6 132 142 129
488.jpg 8 1 22 36 11 63 229 229 230 3 135 151 111 17 228 222 196 4 60 78 38 3 139 162 84 4 93 112 52 1 69 44 16
489.jpg 6 2 33 19 10 65 228 228 228 20 229 216 197 5 116 108 96 2 117 84 63 4 70 55 41
490.jpg 7 3 31 38 27 65 227 227 227 16 220 196 152 4 80 99 85 2 104 87 64 4 133 148 135 2 160 136 112
491.jpg 8 2 43 24 15 69 228 227 228 2 88 43 34 14 226 213 194 3 101 99 80 3 156 98 82 2 159 133 121 2 120 51 36
492.jpg 6 6 33 26 23 61 226 226 226 21 219 198 174 5 85 80 78 3 133 129 128 1 80 33 29
493.jpg 6 59 226 226 226 1 51 27 10 30 221 204 156 2 136 109 79 2 179 129 67 2 120 62 25
494.jpg 8 1 43 24 13 71 227 227 227 16 227 211 176 1 87 86 80 2 92 48 22 2 129 105 83 2 158 157 152 1 150 106 72
495.jpg 6 63 228 228 228 2 32 27 16 21 225 209 159 4 82 74 51 3 133 120 71 3 131 126 107
496.jpg 7 2 33 30 16 61 227 227 227 26 227 214 191 3 81 83 64 1 101 70 37 3 132 135 116 1 153 118 78
497.jpg 6 62 228 229 230 2 56 28 11 23 215 198 165 2 138 124 103 5 113 74 43 3 163 130 87
498.jpg 7 2 39 35 50 69 228 228 230 16 228 225 179 1 108 59 36 3 85 87 103 3 138 142 157 2 126 109 106
499.jpg 7 3 42 31 10 68 227 228 228 6 86 77 35 11 226 213 183 4 141 134 78 2 82 116 48 3 140 138 114
500.jpg 7 11 16 22 15 12 64 70 47 21 158 210 219 27 165 158 120 7 198 184 117 5 115 133 124 14 115 115 85
501.jpg 8 10 25 21 16 11 198 211 212 12 129 113 88 8 59 88 36 15 189 197 142 15 191 152 115 11 162 195 100 13 97 136 58
502.jpg 8 14 62 151 219 11 18 23 15 13 176 164 104 9 107 184 213 6 70 103 101 14 114 118 88 11 151 207 209 16 56 69 38
503.jpg 7 19 29 38 24 17 186 149 76 4 172 186 206 15 120 104 60 16 65 78 51 17 220 187 93 9 99 121 79
504.jpg 6 7 24 21 19 12 179 212 219 27 189 164 133 32 109 96 74 4 101 115 143 15 103 104 107
505.jpg 7 11 28 26 21 31 222 227 229 8 62 87 37 11 104 152 62 12 69 62 53 18 91 123 58 6 115 101 94
506.jpg 6 9 139 162 198 30 211 197 174 6 26 21 18 30 113 102 94 13 195 159 119 10 108 107 73
507.jpg 8 10 127 147 148 6 18 14 10 14 116 131 44 5 56 68 31 11 134 112 76 14 166 171 77 29 182 213 224 8 87 106 48
508.jpg 6 7 25 17 11 11 105 102 46 27 208 216 222 17 203 176 93 14 148 107 82 21 142 144 53
509.jpg 6 15 26 21 15 8 106 91 72 45 119 140 62 5 188 193 190 18 109 108 54 6 170 169 138
510.jpg 7 7 142 142 195 20 187 158 149 5 24 34 14 19 126 110 97 30 205 173 140 3 90 110 58 13 80 75 67
511.jpg 7 13 30 34 30 19 58 85 42 12 214 222 225 11 92 143 51 12 37 57 33 24 71 110 44 7 81 99 83
512.jpg 8 8 23 25 13 20 63 81 46 5 177 196 196 13 166 194 105 12 153 118 96 17 82 111 50 15 131 154 91 6 78 59 46
513.jpg 6 16 125 153 202 7 29 35 22 43 167 160 113 4 104 123 127 20 106 103 63 8 67 98 58
514.jpg 6 4 123 144 181 24 185 161 91 36 132 128 95 6 27 42 27 18 77 107 97 10 71 115 73
515.jpg 7 8 44 36 22 9 142 131 60 10 207 214 215 12 94 93 70 12 209 150 61 30 117 89 54 16 161 111 53
516.jpg 8 16 26 21 17 9 211 197 207 8 133 136 78 20 77 66 63 14 92 77 51 14 188 203 119 6 206 195 168 9 152 123 120
517.jpg 8 16 27 24 18 22 194 193 212 8 76 69 68 13 215 206 187 10 165 134 113 13 213 197 150 6 115 129 84 8 98 79 57
518.jpg 6 12 34 22 25 28 205 186 150 14 82 73 79 19 122 110 108 12 149 122 96 12 178 159 158
519.jpg 6 19 35 29 27 36 145 119 88 4 157 160 206 18 85 69 51 12 212 189 151 9 127 116 113
520.jpg 7 25 31 29 31 12 171 142 159 14 217 184 171 10 75 78 89 17 165 129 122 8 54 75 51 10 113 94 93
521.jpg 6 4 27 21 13 15 107 90 71 12 180 188 216 35 217 198 152 10 82 109 47 22 176 143 115
522.jpg 8 9 32 28 22 17 222 221 224 11 92 110 61 8 139 107 73 12 74 71 59 20 161 144 91 15 130 148 82 5 130 129 123
523.jpg 7 7 32 36 25 4 106 93 58 18 163 161 170 19 201 150 78 29 187 208 222 11 215 192 124 9 170 142 92
524.jpg 7 13 18 15 12 18 174 213 219 12 67 60 41 22 134 116 82 14 180 155 97 8 111 110 96 9 186 169 138
525.jpg 7 9 149 152 213 13 82 63 45 12 26 19 17 10 208 180 156 36 137 108 78 9 178 133 83 7 143 128 133
526.jpg 8 12 24 27 24 13 132 113 75 7 127 176 211 13 210 186 103 8 100 110 113 16 167 205 217 12 77 74 50 15 173 145 86
527.jpg 7 11 24 22 18 15 78 75 62 11 149 183 221 20 208 195 164 32 133 122 103 4 169 141 102 4 115 127 145
528.jpg 7 17 34 29 29 11 168 139 151 14 223 196 175 5 88 125 45 17 83 71 78 17 173 129 119 16 51 70 45
529.jpg 6 20 157 167 207 22 182 149 129 6 49 44 36 26 212 180 137 19 115 94 83 4 113 117 65
530.jpg 5 7 28 21 15 24 202 211 218 17 151 112 98 40 200 156 134 10 81 63 52
531.jpg 5 4 25 25 22 29 112 104 96 12 202 172 147 4 155 146 166 49 176 159 154
532.jpg 5 27 147 160 204 5 48 21 29 27 183 143 127 29 116 87 85 10 123 116 140
533.jpg 8 4 47 23 22 13 130 73 37 23 171 153 175 15 194 133 50 10 141 113 119 15 162 102 46 7 142 106 80 8 85 55 41
534.jpg 8 15 24 27 25 8 196 162 154 11 72 91 71 19 118 100 95 4 88 96 110 13 224 189 148 12 186 144 111 14 152 130 148
535.jpg 6 8 29 27 17 17 71 75 48 8 214 213 214 44 108 123 74 11 139 127 100 8 198 168 145
536.jpg 6 11 145 160 191 18 132 116 71 6 55 51 34 28 124 128 118 6 101 143 79 28 181 148 90
537.jpg 7 9 146 145 210 12 81 61 46 13 26 18 19 11 206 177 159 34 138 109 81 10 180 133 85 7 144 127 138
538.jpg 8 6 31 31 19 21 220 208 179 7 182 191 208 19 153 125 109 22 202 171 136 4 88 93 98 14 98 84 69 3 90 105 56
539.jpg 6 21 137 186 219 36 200 187 149 5 21 21 14 5 108 128 134 12 131 122 97 17 76 81 58
540.jpg 7 34 143 149 216 8 26 18 13 8 91 79 79 9 159 142 132 14 155 125 98 15 105 83 64 8 211 192 175
541.jpg 6 11 26 24 27 33 119 140 83 35 133 164 73 5 131 107 117 9 65 62 65 4 167 140 135
542.jpg 6 13 29 25 22 10 186 210 218 7 220 210 144 10 119 122 126 38 114 101 81 19 179 162 130
543.jpg 6 14 31 21 24 19 89 76 81 22 209 194 165 20 135 121 120 11 166 139 114 11 185 159 173
544.jpg 8 11 172 175 218 18 198 162 152 5 24 37 16 17 137 108 98 10 87 109 51 10 170 138 97 17 219 194 153 8 84 69 63
545.jpg 6 9 136 134 212 8 116 107 140 14 37 23 24 11 185 158 160 40 96 77 75 15 146 112 98
546.jpg 6 11 27 26 20 3 146 140 181 9 56 83 38 35 208 179 168 14 89 82 74 24 144 122 104
547.jpg 7 29 144 160 190 4 48 23 18 17 181 151 78 7 95 81 70 12 109 86 51 21 148 120 71 6 143 139 135
548.jpg 6 6 26 23 16 13 134 107 87 8 170 180 202 42 190 146 122 22 208 216 222 7 72 62 47
549.jpg 7 12 29 21 22 9 190 170 171 24 208 204 177 13 81 66 64 9 145 119 90 16 208 196 143 13 131 108 111
550.jpg 7 10 27 25 16 23 223 220 223 19 96 111 57 20 134 118 67 13 61 64 42 5 172 123 96 5 118 113 102
551.jpg 8 13 21 19 15 10 87 86 48 11 111 125 61 10 151 128 124 9 157 185 78 27 59 53 40 6 210 203 209 10 159 166 97
552.jpg 7 26 142 147 222 6 22 14 12 13 80 66 56 13 145 129 124 22 133 106 84 12 203 183 171 4 141 137 175
553.jpg 7 22 153 214 223 4 16 11 8 32 206 164 127 9 87 79 60 13 169 192 200 7 191 137 87 10 134 112 85
554.jpg 6 14 44 35 33 14 217 213 220 15 82 91 52 24 143 116 72 10 102 81 85 20 122 132 75
555.jpg 8 15 17 16 22 4 121 137 164 11 56 50 31 8 195 166 108 9 188 214 216 9 128 127 118 19 162 141 108 21 112 99 69
556.jpg 5 40 154 163 220 7 26 17 10 20 153 129 103 21 99 83 67 10 205 186 165
557.jpg 6 5 93 108 166 9 156 138 127 34 90 88 96 14 25 26 33 16 147 139 152 19 208 192 183
558.jpg 5 3 19 17 13 11 177 166 165 42 211 199 173 13 96 89 76 28 159 139 120
559.jpg 7 27 108 148 200 6 16 16 11 14 152 147 104 14 56 61 43 9 110 123 117 11 196 189 130 15 93 96 67
560.jpg 7 13 25 20 20 10 214 203 146 4 121 141 173 36 110 98 82 6 181 204 214 18 170 153 126 10 117 120 127
561.jpg 5 39 197 200 212 5 19 16 10 5 68 60 36 39 174 143 85 9 123 107 64
562.jpg 6 13 31 28 20 10 77 90 55 36 165 143 87 3 204 202 203 26 113 124 66 9 101 83 70
563.jpg 7 9 146 146 204 28 89 68 55 8 26 17 19 10 192 166 123 23 134 106 76 10 126 118 138 10 154 136 128
564.jpg 8 4 32 24 16 12 154 119 93 16 180 191 216 24 221 203 154 12 104 87 72 5 39 75 23 17 196 161 123 6 108 130 57
565.jpg 5 49 124 148 212 3 28 24 12 17 189 163 90 13 217 203 104 16 96 90 68
566.jpg 8 16 30 32 23 10 210 170 83 16 68 78 55 11 115 141 73 5 193 201 208 10 168 136 86 16 112 115 79 13 229 206 97
567.jpg 7 19 26 39 22 16 187 155 76 16 63 82 50 15 123 112 61 4 173 193 206 10 99 125 78 16 220 191 93
568.jpg 7 11 39 40 36 11 95 117 69 14 108 99 103 20 148 197 99 9 167 141 145 27 127 164 92 5 210 201 194
569.jpg 6 14 25 22 16 29 202 155 134 6 142 125 151 25 139 105 90 6 46 68 29 18 76 64 52
570.jpg 5 31 118 149 187 10 35 35 24 38 156 133 92 4 84 96 100 14 89 85 67
571.jpg 5 10 28 23 24 34 152 128 119 4 121 124 158 37 87 72 68 13 205 193 187
572.jpg 7 8 24 28 30 23 190 148 147 10 75 77 89 9 59 93 75 15 223 191 176 11 149 129 158 21 123 101 113
573.jpg 6 31 146 157 209 7 20 13 11 14 76 62 54 13 199 182 175 4 127 125 142 28 132 111 100
574.jpg 6 11 20 20 16 3 126 133 163 38 186 150 146 18 120 105 98 12 220 196 193 14 56 61 50
575.jpg 8 6 37 30 21 17 158 97 57 11 193 208 213 11 85 85 71 18 132 89 66 10 119 110 66 9 202 137 81 15 90 59 43
576.jpg 6 7 20 23 10 29 183 149 100 13 57 68 42 5 157 177 173 30 126 113 74 12 92 114 82
577.jpg 7 11 141 153 211 11 32 25 19 9 123 126 153 10 198 173 156 25 137 109 88 17 80 66 53 14 117 106 101
578.jpg 6 11 16 15 11 31 194 162 113 26 144 211 219 8 89 114 112 10 71 67 51 12 129 114 87
579.jpg 5 11 19 17 12 4 123 135 148 57 121 108 92 6 215 202 176 20 162 206 223
580.jpg 5 14 23 22 18 14 85 72 56 21 185 138 103 13 207 205 200 35 142 118 99
581.jpg 6 12 26 25 17 5 157 160 172 21 74 72 58 14 158 134 117 34 216 198 165 11 99 100 68
582.jpg 8 6 40 38 31 10 96 195 219 14 169 216 225 5 150 144 117 13 91 129 150 19 82 90 82 18 211 221 223 12 137 158 166
583.jpg 7 10 12 15 18 18 143 167 183 10 50 57 45 9 203 202 192 14 129 130 119 22 159 152 118 15 92 94 67
584.jpg 5 5 31 35 29 9 142 148 165 22 87 89 83 55 192 204 217 7 139 125 109
585.jpg 6 16 13 16 13 32 177 192 212 25 217 218 222 7 65 70 59 6 135 123 112 10 109 121 123
586.jpg 5 6 31 36 26 58 202 213 221 19 91 91 79 5 172 145 116 10 154 154 157
587.jpg 7 9 32 32 27 14 126 124 120 15 115 133 154 14 182 162 128 9 184 192 202 21 76 77 65 15 124 114 84
588.jpg 6 10 56 56 41 20 128 142 155 32 121 117 105 22 194 204 210 6 103 114 69 7 174 147 116
589.jpg 5 6 29 27 24 25 166 189 215 9 84 79 80 34 213 214 218 23 129 111 98
590.jpg 7 31 130 174 210 7 19 24 15 24 143 162 184 7 77 101 98 6 203 204 202 10 112 116 99 12 60 70 49
591.jpg 7 10 12 16 10 12 129 170 205 17 214 216 221 12 52 68 47 21 166 188 210 12 117 134 147 13 99 112 104
592.jpg 5 5 38 38 28 33 191 209 222 30 112 103 92 23 219 216 211 7 170 145 122
593.jpg 5 5 32 34 30 33 168 187 216 31 206 205 212 18 88 87 84 10 132 119 110
594.jpg 7 16 131 153 167 16 189 199 200 3 20 19 13 15 89 89 73 7 132 133 92 31 146 138 127 8 197 176 146
595.jpg 6 6 28 29 26 20 163 187 213 11 86 81 79 24 207 212 227 21 134 115 101 16 219 214 210
596.jpg 6 15 14 17 13 28 177 193 214 29 217 217 223 11 58 64 51 7 119 128 140 6 140 127 118
597.jpg 7 26 118 140 158 18 212 215 220 8 32 26 19 18 80 76 63 7 195 150 115 10 155 142 140 10 121 111 88
598.jpg 6 22 78 163 209 6 22 28 17 14 191 187 172 17 124 162 190 29 81 91 64 8 175 193 212
599.jpg 5 12 34 36 33 18 177 203 223 7 97 88 88 50 219 220 221 11 142 123 107
600.jpg 7 48 15 14 10 2 133 76 22 13 227 169 23 12 221 139 15 5 211 104 7 11 37 46 19 6 183 119 26
601.jpg 7 7 26 27 10 4 103 26 23 36 97 111 61 7 145 17 43 6 131 103 76 19 156 4 29 17 55 65 27
602.jpg 8 13 15 11 8 7 87 8 21 9 190 8 80 14 49 55 31 11 132 8 38 2 228 120 66 29 167 4 31 11 85 101 59
603.jpg 5 45 7 8 7 1 88 17 18 35 201 26 22 11 46 62 53 6 147 16 21
604.jpg 6 63 7 8 8 11 120 104 106 7 183 159 140 13 185 172 178 3 193 154 102 1 170 108 39
605.jpg 6 57 42 32 24 8 228 142 89 6 151 34 16 8 206 67 23 5 96 55 42 13 226 112 66
606.jpg 7 50 15 16 13 5 223 144 183 4 184 20 46 4 162 71 90 20 54 62 52 5 208 81 112 9 216 118 152
607.jpg 8 29 15 16 12 6 208 180 179 7 185 97 124 20 51 61 40 9 191 122 84 6 168 27 58 9 104 109 63 8 191 51 115
608.jpg 7 10 16 13 9 6 123 13 26 9 85 94 48 41 179 3 35 10 197 13 83 10 114 132 73 10 44 48 27
609.jpg 6 39 6 6 4 7 103 75 13 27 197 150 24 13 149 109 14 3 145 66 8 8 178 119 5
610.jpg 7 11 28 26 18 29 152 3 8 20 118 133 90 6 70 20 20 19 62 73 46 9 119 9 15 3 152 83 79
611.jpg 7 58 6 6 5 6 46 46 32 11 171 150 113 9 169 160 148 3 139 95 37 7 112 105 90 3 189 146 78
612.jpg 7 55 12 13 11 7 199 153 180 6 109 29 64 10 162 31 92 4 194 103 80 10 185 91 145 5 214 164 163
613.jpg 6 55 4 4 4 3 82 44 59 6 153 31 53 13 167 79 105 10 195 82 107 9 155 96 119
614.jpg 7 53 16 16 13 3 173 78 71 5 185 49 35 7 76 36 29 14 228 101 68 9 213 60 23 7 232 131 91
615.jpg 8 53 8 7 7 4 101 56 37 7 166 85 60 5 169 114 76 6 212 106 43 4 227 147 62 9 201 95 71 9 215 149 95
616.jpg 7 33 21 13 12 5 74 6 15 14 35 43 27 15 128 3 17 9 61 76 40 10 151 3 18 10 105 3 16
617.jpg 7 55 6 5 5 5 89 57 55 8 146 109 90 9 202 138 142 5 201 140 67 10 190 143 104 4 135 81 29
618.jpg 6 53 11 13 11 3 89 8 26 13 189 9 89 7 44 60 34 13 173 4 48 8 133 4 39
619.jpg 8 26 14 12 11 2 134 40 47 15 40 50 43 18 212 51 48 8 176 38 47 10 52 32 30 10 221 80 69 6 61 77 50
620.jpg 6 33 26 29 20 9 112 6 13 30 152 4 24 18 63 75 67 3 212 112 69 4 95 122 100
621.jpg 7 58 13 14 12 2 96 27 39 10 192 38 49 8 138 6 39 6 226 99 116 4 63 75 43 8 193 38 82
622.jpg 7 55 24 10 11 8 137 73 120 6 108 15 62 9 58 79 23 7 204 82 157 5 197 123 185 6 157 23 88
623.jpg 6 31 14 13 11 4 145 122 54 38 50 47 36 13 208 169 43 7 215 155 8 4 163 105 5
624.jpg 7 22 20 15 11 5 109 10 30 24 53 65 45 7 148 3 29 12 204 15 98 11 96 118 75 15 181 4 47
625.jpg 7 60 5 5 4 4 98 94 78 2 128 95 49 20 167 159 150 1 161 83 38 2 190 134 87 6 178 152 121
626.jpg 7 39 10 9 9 4 127 10 15 10 164 11 15 10 44 48 43 3 73 70 34 28 207 31 27 2 85 21 21
627.jpg 5 57 7 9 7 6 108 108 101 3 173 132 51 23 174 170 163 8 178 163 131
628.jpg 7 46 15 13 11 6 68 51 12 18 215 163 24 5 149 120 44 5 148 85 4 7 210 133 5 9 175 129 20
629.jpg 8 35 7 6 5 6 215 49 149 13 99 123 83 3 120 18 46 10 26 33 19 9 166 4 48 10 193 12 102 9 64 76 49
630.jpg 6 32 10 7 7 2 135 39 53 11 32 39 31 40 197 22 37 9 220 69 81 3 81 100 73
631.jpg 7 57 22 13 13 3 104 39 31 3 150 36 22 5 222 138 108 12 214 90 52 10 224 118 84 6 192 54 16
632.jpg 8 32 13 11 10 6 208 171 188 4 117 33 38 6 221 169 87 16 148 6 38 20 34 44 25 7 192 79 127 5 208 165 144
633.jpg 7 43 7 7 6 3 75 46 15 21 197 138 23 4 186 78 5 5 140 94 28 11 208 120 15 9 161 93 9
634.jpg 6 21 20 16 12 1 109 29 45 10 105 117 82 35 178 3 34 26 56 58 40 4 139 10 26
635.jpg 7 41 14 16 12 2 145 59 88 17 195 21 89 2 228 155 105 18 36 50 29 14 202 58 116 2 185 84 36
636.jpg 8 35 12 9 9 3 96 17 17 4 178 78 42 12 203 78 40 15 38 39 28 6 227 153 35 9 154 25 17 11 221 121 49
637.jpg 7 32 6 5 5 4 87 9 38 12 55 82 46 8 189 23 104 17 160 6 54 9 128 7 54 16 21 33 14
638.jpg 7 53 12 13 11 5 101 75 74 9 184 139 113 13 196 118 134 3 215 155 74 8 204 110 95 6 123 76 65
639.jpg 8 26 9 9 8 5 99 31 9 23 33 51 30 11 156 61 13 7 139 21 6 11 52 80 40 10 179 61 14 4 190 110 39
640.jpg 8 54 43 69 31 3 38 16 19 4 207 120 198 9 128 26 92 7 99 5 46 7 169 44 117 8 191 75 162 4 75 18 48
641.jpg 7 44 10 13 9 2 103 90 26 12 177 139 17 15 216 169 14 4 145 87 4 10 203 138 7 9 39 53 43
642.jpg 6 39 9 9 8 8 101 105 100 3 99 98 53 18 28 38 17 23 170 170 164 6 182 164 109
643.jpg 7 14 12 10 8 10 147 8 19 17 66 73 39 4 112 36 38 28 185 4 16 18 41 36 18 6 103 74 50
644.jpg 5 59 9 11 9 3 114 92 27 24 216 177 25 7 215 156 7 5 167 130 31
645.jpg 7 47 13 10 11 5 222 90 175 13 52 76 72 3 111 7 38 14 29 48 23 7 165 6 59 7 203 47 128
646.jpg 8 12 15 17 12 3 115 27 37 45 67 88 44 7 205 57 82 7 41 58 55 7 217 92 116 10 41 51 23 5 198 27 53
647.jpg 7 50 6 7 6 4 126 121 96 4 151 124 49 6 38 53 20 6 208 159 36 18 194 168 84 8 177 166 121
648.jpg 6 50 7 5 6 2 90 14 34 19 201 43 72 6 225 104 143 3 153 27 59 16 217 76 111
649.jpg 8 60 6 5 5 1 117 50 56 8 228 136 99 4 191 53 35 7 20 37 24 8 224 109 69 2 123 13 10 6 193 77 83
650.jpg 6 40 13 17 14 5 97 7 16 8 135 6 20 22 42 63 50 2 228 121 147 21 168 5 32
651.jpg 7 43 10 11 8 6 99 76 84 8 194 170 193 15 32 48 20 6 138 85 94 9 175 133 153 9 48 41 42
652.jpg 7 51 22 20 15 4 116 52 92 6 187 44 124 4 202 114 193 6 177 25 86 17 45 53 29 8 192 76 162
653.jpg 6 59 8 9 6 4 148 125 71 6 138 55 7 15 183 133 39 8 185 106 25 6 69 47 12
654.jpg 8 11 107 7 51 9 17 13 8 10 108 43 89 13 45 50 19 8 199 116 187 14 94 118 55 15 165 61 132 16 69 84 35
655.jpg 7 58 12 13 9 8 91 6 18 3 195 120 149 5 205 125 75 8 143 12 36 10 48 64 30 4 203 138 129
656.jpg 6 63 7 7 7 6 114 116 118 15 185 183 188 3 184 168 148 2 199 160 108 9 26 41 28
657.jpg 5 54 28 20 22 3 80 8 22 25 152 4 29 5 56 72 51 11 114 4 22
658.jpg 6 64 7 8 6 4 76 73 50 7 202 156 35 5 130 119 74 11 189 165 84 7 181 170 120
659.jpg 7 63 7 6 6 4 75 7 14 8 117 7 20 2 71 71 43 13 168 30 50 5 200 83 102 1 158 122 91
660.jpg 6 63 3 3 3 5 187 115 157 4 59 7 20 9 119 28 51 4 178 59 92 10 166 79 111
661.jpg 7 60 7 8 7 4 127 110 128 2 91 27 51 8 181 125 151 5 169 72 102 9 41 53 34 8 192 164 192
662.jpg 7 52 11 10 9 4 82 6 15 9 158 9 38 2 216 125 155 15 26 36 18 12 116 4 23 2 213 103 97
663.jpg 6 53 10 9 8 4 84 7 31 10 167 11 87 7 28 38 22 16 118 4 43 6 164 7 58
664.jpg 8 69 6 5 5 4 105 74 94 2 86 18 36 8 158 85 119 4 168 67 98 6 165 118 149 1 58 64 29 2 152 40 54
665.jpg 7 66 11 13 12 6 223 116 187 4 99 10 46 2 196 54 64 8 200 59 137 2 230 119 154 8 173 20 87
666.jpg 7 48 17 15 11 4 144 46 35 13 223 95 57 9 62 32 24 12 227 122 83 5 196 44 14 5 108 58 46
667.jpg 8 15 14 13 10 6 115 6 14 13 81 98 86 19 38 47 34 17 160 3 13 15 113 140 109 4 75 23 29 8 72 90 52
668.jpg 8 10 16 12 12 18 118 8 43 8 81 27 41 5 173 100 100 28 159 6 62 14 175 36 99 7 42 54 39 7 137 62 97
669.jpg 7 20 28 24 14 5 185 40 64 10 63 27 23 34 60 72 46 7 119 12 33 13 191 13 43 7 105 39 41
670.jpg 7 42 11 10 7 6 137 127 81 16 180 160 76 11 50 63 23 2 132 56 18 6 175 120 10 13 199 164 46
671.jpg 7 54 9 8 7 5 120 72 90 8 207 109 138 10 39 50 32 7 198 149 184 5 187 66 86 8 205 130 165
672.jpg 8 20 11 9 8 1 119 32 51 17 32 44 24 10 200 10 78 11 90 115 71 6 216 34 120 22 58 78 50 9 179 3 38
673.jpg 6 24 11 8 7 2 101 21 20 23 38 37 25 29 208 37 33 10 67 70 43 9 168 25 25
674.jpg 8 26 12 11 10 8 144 62 107 8 161 10 68 19 40 46 40 10 190 55 125 7 222 127 196 8 169 4 45 10 65 81 61
675.jpg 7 53 11 13 9 5 138 121 66 8 207 175 59 2 163 80 3 11 222 170 20 4 214 135 11 13 41 48 23
676.jpg 7 8 30 26 12 2 139 39 17 38 68 79 49 16 140 153 131 8 90 67 44 17 85 97 34 7 173 13 9
677.jpg 8 10 15 13 25 2 98 17 48 15 49 58 47 39 47 48 63 9 181 3 72 4 126 137 99 8 166 5 79 9 145 2 35
678.jpg 7 61 15 16 12 4 73 5 11 10 56 61 52 8 149 2 19 2 144 153 131 10 109 3 11 1 148 158 91
679.jpg 7 18 12 10 8 3 138 99 15 49 33 46 15 9 229 196 50 6 85 92 37 7 215 159 17 3 192 161 69
680.jpg 7 10 35 35 18 9 119 6 13 34 76 84 46 15 173 4 39 6 104 51 37 10 117 132 96 12 121 127 64
681.jpg 6 29 14 14 13 3 218 102 178 58 39 49 30 2 185 32 95 3 202 93 138 2 116 105 77
682.jpg 7 29 12 15 11 1 103 58 43 52 36 50 38 4 200 42 71 7 65 76 43 3 210 91 115 1 203 131 136
683.jpg 7 20 38 29 30 9 129 55 94 20 114 106 113 31 60 70 39 8 208 108 179 3 114 126 74 5 179 62 124
684.jpg 7 66 9 9 7 4 221 178 211 4 208 103 154 5 88 99 47 13 46 54 25 1 187 53 100 3 118 140 68
685.jpg 7 49 13 13 11 6 106 98 73 2 109 49 20 8 175 156 110 11 178 170 154 18 38 40 24 3 179 141 60
686.jpg 7 57 24 15 19 15 49 52 64 3 112 42 90 4 123 88 83 4 164 55 140 1 186 146 91 12 79 93 107
687.jpg 7 22 12 12 8 3 95 51 51 12 216 95 121 39 31 42 13 8 216 124 151 8 199 59 80 3 124 34 51
688.jpg 7 53 5 5 5 4 78 7 16 7 121 11 28 1 230 165 187 28 159 9 33 3 38 3 6 1 208 103 129
689.jpg 7 28 7 6 6 9 72 52 66 2 165 116 59 33 155 140 156 10 135 92 118 10 170 153 150 5 93 72 62
690.jpg 8 30 14 13 11 6 111 39 76 13 179 25 119 23 44 57 37 9 202 87 173 7 89 102 71 1 213 127 97 7 173 13 84
691.jpg 7 11 27 54 35 4 132 37 61 7 197 10 54 63 56 106 66 2 221 141 105 4 109 79 69 6 162 23 58
692.jpg 7 47 7 22 13 12 124 130 129 7 140 146 99 12 35 62 27 8 159 170 158 5 70 63 65 5 149 143 62
693.jpg 7 41 31 55 31 4 125 56 76 18 59 107 79 8 160 22 67 8 223 60 147 12 207 25 84 4 134 181 161
694.jpg 8 8 14 33 30 10 114 37 90 17 156 139 167 16 130 17 65 12 178 58 133 8 138 96 104 11 183 28 103 13 171 104 160
695.jpg 7 15 25 51 40 8 230 55 185 11 216 5 85 36 59 103 78 2 145 80 112 10 225 25 136 14 83 149 104
696.jpg 8 8 25 110 81 2 62 33 30 10 167 9 32 5 74 166 130 10 137 10 30 46 203 14 42 4 112 24 31 11 225 52 85
697.jpg 7 36 5 59 28 3 98 67 72 34 9 112 75 9 191 54 83 5 226 107 147 6 201 40 66 5 121 36 51
698.jpg 6 63 23 48 21 5 92 77 41 6 139 85 34 10 181 139 90 6 157 121 111 7 179 113 32
699.jpg 7 15 7 14 7 8 202 71 92 5 84 49 55 34 5 43 17 10 210 42 65 20 14 81 51 6 135 51 66
700.jpg 5 8 28 35 12 12 219 214 200 59 82 102 47 10 161 113 85 9 89 59 38
701.jpg 7 25 26 35 20 20 50 73 41 22 84 110 60 7 123 106 99 4 78 31 29 13 114 138 68 5 197 176 180
702.jpg 7 6 28 24 17 42 97 154 85 6 134 69 58 18 62 98 55 9 101 104 93 3 187 170 175 12 38 57 34
703.jpg 7 19 71 109 69 8 34 41 24 9 152 140 135 43 116 162 117 5 103 68 46 6 190 128 126 7 162 116 78
704.jpg 7 6 25 20 14 11 47 71 36 11 105 116 34 52 100 115 75 3 217 201 194 4 115 90 77 9 145 152 50
705.jpg 7 15 20 30 16 27 81 116 58 19 115 140 49 7 213 196 200 16 41 67 34 5 113 91 78 8 175 194 83
706.jpg 6 14 19 25 13 29 50 66 40 12 120 127 52 37 90 103 63 4 114 64 62 2 197 183 180
707.jpg 6 13 34 39 33 9 147 163 73 49 82 105 67 4 198 179 182 18 103 124 64 5 115 92 89
708.jpg 8 12 27 24 14 5 106 160 168 7 144 83 56 19 116 151 82 11 127 121 104 16 57 70 47 19 77 107 61 7 189 176 149
709.jpg 6 20 23 22 17 4 162 141 136 41 44 57 24 10 92 35 28 14 69 63 56 8 224 205 200
710.jpg 8 4 30 17 12 7 91 39 29 13 224 217 201 43 83 103 53 3 120 128 144 10 112 102 61 7 132 57 37 10 40 62 32
711.jpg 6 6 40 40 34 17 179 199 64 40 98 131 67 29 132 161 66 2 216 203 206 2 160 85 79
712.jpg 8 9 23 21 12 19 55 83 45 4 82 128 146 13 118 109 95 8 209 197 186 5 130 81 61 21 93 124 66 17 45 55 37
713.jpg 6 24 14 18 11 29 53 88 44 5 144 125 114 31 39 54 30 3 79 37 30 5 216 193 192
714.jpg 7 32 20 28 33 12 47 67 42 9 125 131 158 4 135 71 47 33 93 114 59 5 54 27 19 2 215 193 174
715.jpg 7 37 8 15 21 14 41 64 27 6 101 127 156 20 65 98 45 4 98 53 35 3 185 165 152 13 32 45 37
716.jpg 7 11 24 14 14 10 194 206 70 36 116 139 108 6 96 56 49 15 123 142 73 6 164 96 91 13 162 178 85
717.jpg 7 9 29 22 12 23 223 217 207 15 43 62 24 6 109 50 29 31 80 99 46 2 75 92 95 11 104 97 65
718.jpg 6 16 15 20 9 25 62 83 41 27 84 114 47 3 203 186 180 22 37 50 25 4 99 65 52
719.jpg 6 52 119 162 131 10 186 206 92 5 27 17 15 5 114 70 69 17 148 178 109 7 177 115 115
720.jpg 5 7 41 35 37 14 55 100 71 60 111 159 123 5 172 101 102 12 103 133 117
721.jpg 7 15 12 16 17 41 87 106 46 4 145 148 158 4 135 62 35 20 35 48 30 9 77 58 38 5 222 211 200
722.jpg 7 13 23 27 16 6 215 197 188 53 48 76 34 5 93 44 30 2 107 118 124 5 109 91 61 13 60 59 39
723.jpg 6 35 27 34 18 29 60 81 34 5 133 127 126 14 84 74 52 6 98 48 30 8 213 188 172
724.jpg 7 13 25 22 22 6 85 37 28 34 72 93 53 9 213 194 187 22 50 55 38 7 128 108 98 6 137 57 38
725.jpg 7 14 15 20 12 28 62 90 40 19 98 116 35 7 133 114 106 8 156 168 70 14 45 53 33 7 212 192 192
726.jpg 6 11 36 38 30 39 105 147 74 14 189 206 70 5 92 70 48 24 145 173 72 4 165 112 87
727.jpg 6 10 48 61 44 44 100 146 77 3 122 76 61 21 69 100 55 15 149 165 96 5 185 102 77
728.jpg 7 5 34 30 16 9 154 101 77 36 69 139 85 5 88 115 120 19 122 187 145 9 110 142 120 14 43 88 57
729.jpg 7 11 25 22 14 30 71 96 44 9 167 176 70 6 98 52 50 6 186 162 167 17 107 124 44 18 33 51 26
730.jpg 7 31 22 22 14 17 63 86 40 6 97 68 61 20 36 50 22 5 217 194 191 13 90 116 51 4 152 97 83
731.jpg 6 26 38 70 48 12 75 116 62 16 171 189 84 5 145 113 91 33 127 162 81 6 179 105 79
732.jpg 5 10 20 28 14 43 68 99 54 7 191 179 176 22 54 68 44 16 88 128 54
733.jpg 7 13 7 13 13 47 59 85 28 2 141 142 145 23 23 41 15 2 140 98 62 6 67 68 48 3 220 207 192
734.jpg 7 10 26 22 19 10 39 64 22 9 212 191 195 16 99 119 42 8 102 57 55 39 68 99 48 5 157 171 77
735.jpg 6 14 8 14 10 27 40 81 29 7 192 184 180 28 79 120 45 16 17 42 15 5 74 59 48
736.jpg 7 30 21 23 14 17 66 91 40 6 101 73 64 5 220 203 198 17 40 53 26 16 95 124 55 4 161 102 87
737.jpg 7 30 20 29 33 15 40 66 25 13 110 136 61 4 186 171 175 10 76 91 79 23 74 104 50 2 83 53 47
738.jpg 5 5 53 52 38 7 79 125 66 5 185 112 73 77 134 183 96 3 114 79 62
739.jpg 7 5 15 19 11 15 39 71 26 8 212 194 196 10 135 154 65 5 112 61 56 49 75 107 51 5 70 54 54
740.jpg 5 17 6 12 8 44 48 92 35 7 123 111 92 25 22 39 15 5 211 191 189
741.jpg 6 6 66 115 52 4 59 55 37 4 132 87 61 70 118 175 85 8 195 117 81 4 136 159 95
742.jpg 7 16 21 25 16 22 38 54 28 5 123 101 87 3 84 28 25 11 92 111 51 36 58 82 40 3 213 192 191
743.jpg 7 6 21 27 15 9 56 96 33 3 125 81 58 11 141 174 67 6 192 178 176 55 95 135 64 6 70 78 65
744.jpg 6 47 148 183 97 5 73 72 40 16 187 210 88 10 138 85 69 11 186 105 84 8 197 140 119
745.jpg 6 5 28 21 16 57 79 117 55 12 137 160 60 5 111 77 62 5 206 190 190 12 31 53 24
746.jpg 5 9 87 110 59 4 55 48 31 8 173 90 61 72 121 160 84 5 122 76 54
747.jpg 7 5 30 24 22 5 112 87 91 13 124 147 59 10 38 66 22 8 217 196 195 47 76 105 52 8 168 124 120
748.jpg 5 9 44 56 41 3 120 82 65 60 107 141 79 19 63 93 51 6 165 94 72
749.jpg 7 7 30 26 24 38 59 88 40 13 36 57 21 9 127 142 49 3 209 195 191 3 117 65 57 23 88 113 46
750.jpg 6 7 23 29 30 8 157 175 61 59 76 110 56 16 106 132 47 4 180 167 171 4 54 57 41
751.jpg 5 11 29 34 22 38 61 80 51 36 86 116 49 6 205 180 184 7 111 108 89
752.jpg 6 8 20 25 15 67 52 86 37 3 141 125 125 10 112 137 54 4 67 35 34 4 214 191 196
753.jpg 7 42 100 133 107 9 174 195 81 7 29 16 20 9 105 65 66 9 76 113 58 8 162 96 97 12 130 159 86
754.jpg 7 9 37 20 18 16 77 120 81 12 112 65 65 11 171 201 98 18 35 73 50 11 164 88 88 18 120 160 95
755.jpg 6 9 36 29 29 12 84 130 68 48 124 155 133 8 131 84 86 7 180 206 91 14 147 187 117
756.jpg 7 40 105 135 114 9 166 186 89 4 28 26 40 10 145 95 97 10 70 103 58 7 67 43 41 16 117 144 79
757.jpg 5 13 57 97 40 63 96 139 60 2 86 69 38 17 139 168 62 2 149 102 69
758.jpg 6 8 24 17 14 55 82 118 56 11 138 164 66 7 207 185 186 10 34 50 27 5 108 95 94
759.jpg 6 27 16 20 9 24 64 95 37 9 82 65 45 24 30 48 16 4 217 194 188 8 146 108 84
760.jpg 6 6 28 30 12 67 83 112 49 5 193 170 171 13 128 153 58 4 103 89 78 2 103 57 40
761.jpg 7 5 38 22 16 9 54 107 35 13 157 206 79 10 109 59 54 50 99 157 69 5 162 84 71 4 139 147 91
762.jpg 6 9 23 27 10 5 103 51 30 17 46 79 30 53 84 127 56 8 167 87 59 5 126 117 81
763.jpg 6 11 7 13 5 17 18 52 15 48 46 94 37 2 210 199 192 2 102 53 46 17 88 129 47
764.jpg 7 4 27 14 8 46 126 177 81 21 185 213 88 8 99 43 34 7 76 120 40 5 168 81 63 6 163 171 106
765.jpg 7 11 13 11 8 9 39 68 28 7 165 187 56 7 81 44 40 41 79 116 63 15 115 145 62 6 141 82 68
766.jpg 6 5 21 19 9 56 60 95 30 18 28 58 11 3 204 186 177 13 113 136 42 3 111 62 42
767.jpg 6 18 32 36 19 33 89 115 63 3 151 92 72 25 47 67 33 5 218 194 178 13 94 95 70
768.jpg 6 6 28 28 21 8 47 83 26 13 134 168 65 5 194 174 171 61 87 124 55 4 105 61 53
769.jpg 7 18 8 22 9 24 20 59 26 6 96 94 77 3 201 178 176 12 83 123 47 33 37 93 39 2 118 68 55
770.jpg 6 10 15 18 7 19 37 54 22 14 100 117 50 3 99 48 46 2 212 192 188 50 68 90 45
771.jpg 5 24 3 6 3 26 12 32 9 3 129 109 96 40 36 73 21 5 213 186 186
772.jpg 6 14 17 35 16 43 66 109 56 6 211 184 172 26 40 68 36 2 90 51 41 7 108 111 85
773.jpg 6 9 22 26 13 53 73 108 55 7 95 66 57 20 46 66 33 4 189 153 151 5 148 96 79
774.jpg 6 5 27 24 12 6 166 70 52 11 61 91 39 67 105 139 69 4 99 38 32 4 120 119 76
775.jpg 7 13 10 23 12 33 116 165 86 7 110 59 56 12 176 209 95 18 35 78 40 8 178 90 78 5 167 176 129
776.jpg 7 8 49 105 35 5 34 18 14 14 159 201 78 8 107 58 55 52 101 160 75 6 160 82 73 4 149 151 95
777.jpg 7 9 24 20 9 9 44 75 21 10 175 193 69 7 89 52 38 38 87 117 56 17 116 144 52 7 142 81 67
778.jpg 7 9 22 25 25 9 170 190 70 6 33 66 22 4 122 65 65 47 88 119 68 20 110 140 56 2 201 189 193
779.jpg 6 14 4 9 4 50 44 84 21 6 194 172 168 14 12 37 7 10 95 129 45 3 68 42 27
780.jpg 6 4 39 29 20 10 44 89 37 15 112 158 67 58 76 128 65 7 112 72 67 4 158 197 81
781.jpg 6 27 11 19 8 37 61 93 33 5 95 88 66 22 27 49 17 2 216 196 193 3 130 83 60
782.jpg 7 11 11 29 15 15 31 74 39 8 80 46 42 10 176 205 74 33 97 136 85 7 149 86 74 13 115 153 59
783.jpg 7 10 39 35 30 32 75 112 54 10 168 189 72 7 219 205 206 7 121 78 62 18 98 135 46 13 21 53 14
784.jpg 6 32 7 13 5 38 55 89 32 2 179 143 129 4 85 73 51 18 18 41 11 3 225 197 191
785.jpg 8 25 48 93 103 15 48 100 50 5 99 63 82 8 12 29 19 19 14 61 37 8 99 142 76 14 61 108 85 2 129 64 74
786.jpg 7 20 9 18 11 25 24 56 31 6 94 83 73 10 87 119 43 3 213 191 192 30 41 89 40 2 128 70 60
787.jpg 7 14 11 18 26 5 80 36 33 35 55 89 55 8 208 190 181 20 29 48 39 7 105 98 92 6 132 61 48
788.jpg 7 7 21 25 15 36 86 119 62 4 140 81 75 11 170 195 70 6 217 202 202 25 115 148 65 7 71 74 66
789.jpg 7 6 25 22 15 10 48 80 24 13 132 160 61 3 136 112 112 59 85 118 50 3 96 45 36 3 214 194 195
790.jpg 7 8 25 14 9 9 49 81 29 14 131 164 64 10 90 51 48 40 89 125 60 10 144 82 79 5 179 205 74
791.jpg 6 7 12 20 7 19 28 57 18 16 101 130 51 3 111 69 54 2 212 197 190 50 65 101 46
792.jpg 7 21 6 11 5 14 29 62 17 6 195 158 154 23 61 88 27 16 13 34 10 5 78 52 41 12 99 118 45
793.jpg 7 6 17 18 13 41 106 139 70 12 187 206 64 5 207 190 191 22 137 166 67 7 64 75 79 4 95 83 64
794.jpg 7 7 12 12 8 18 44 81 30 9 213 193 193 9 153 172 56 8 108 66 60 41 85 120 55 6 53 46 42
795.jpg 5 28 25 41 15 40 61 86 37 4 111 77 55 24 93 122 47 3 208 189 181
796.jpg 5 6 65 89 54 5 26 16 10 5 90 38 31 73 88 137 76 9 143 68 50
797.jpg 6 7 40 35 22 45 93 126 64 5 138 65 51 17 54 78 37 9 113 107 74 14 145 165 98
798.jpg 7 17 9 10 6 17 52 71 32 11 100 88 71 6 213 193 188 30 30 35 14 4 128 77 61 12 79 107 50
799.jpg 6 10 10 20 5 63 53 88 30 3 165 137 129 15 101 128 45 3 75 47 30 4 218 192 195
800.jpg 8 16 18 67 123 15 139 147 165 11 37 17 16 3 176 109 59 14 31 148 181 20 195 197 207 9 89 79 80 8 13 28 68
801.jpg 8 10 74 117 198 11 149 158 192 16 12 12 36 16 29 21 16 8 45 62 111 17 204 206 217 8 90 84 80 10 90 107 157
802.jpg 6 13 3 4 4 15 142 158 158 13 48 63 62 31 86 100 97 11 120 125 107 13 205 212 208
803.jpg 7 14 13 15 26 6 134 157 171 25 61 105 137 21 32 63 74 8 44 76 46 16 83 102 105 7 214 219 225
804.jpg 8 25 24 60 139 7 30 35 72 7 131 141 156 15 74 88 140 11 73 79 104 18 4 33 102 7 197 205 212 5 42 39 47
805.jpg 7 35 33 87 164 12 63 65 93 11 195 200 208 5 39 27 19 6 123 111 90 13 106 102 116 13 77 64 55
806.jpg 8 17 61 85 116 12 27 29 21 9 216 223 225 18 78 80 69 9 85 142 199 17 121 168 205 6 128 128 101 9 158 198 218
807.jpg 5 40 55 82 139 27 29 30 23 22 142 159 166 4 90 79 53 5 206 214 211
808.jpg 6 25 7 35 53 24 89 156 201 6 216 223 225 22 17 5 10 15 36 76 94 6 118 154 172
809.jpg 6 29 5 86 129 11 144 164 172 18 19 64 77 15 84 109 120 14 17 45 36 10 200 211 213
810.jpg 6 52 3 3 3 6 8 38 42 1 173 142 85 29 93 131 124 2 227 193 86 8 43 80 78
811.jpg 8 13 13 8 12 12 123 146 157 44 99 141 174 6 216 217 209 9 153 158 147 4 34 58 68 4 63 71 54 5 211 202 173
812.jpg 7 34 80 138 187 9 11 9 7 9 52 72 26 9 96 124 143 25 84 118 42 6 178 186 193 5 131 122 75
813.jpg 7 16 43 80 153 10 74 74 104 8 164 130 81 10 217 211 209 29 62 58 50 8 128 117 136 15 111 97 70
814.jpg 5 15 24 29 38 29 203 205 195 20 90 104 141 9 140 145 159 24 67 72 95
815.jpg 4 18 26 24 20 10 122 135 178 24 191 185 184 46 73 68 62
816.jpg 6 24 28 27 19 19 156 163 198 24 188 183 191 21 49 53 24 2 102 95 113 7 114 96 95
817.jpg 7 27 8 40 90 13 52 43 38 26 20 5 6 7 211 204 208 12 95 82 65 6 102 95 109 5 151 143 151
818.jpg 7 19 13 18 20 13 86 145 188 12 205 220 222 9 64 93 106 24 132 194 214 9 110 132 100 10 48 65 48
819.jpg 7 35 12 51 136 10 55 59 101 9 139 138 158 14 33 26 36 10 82 72 70 8 205 203 216 11 65 64 87
820.jpg 5 18 19 19 31 55 119 118 140 9 78 85 40 7 184 181 194 8 34 38 23
821.jpg 6 22 42 53 82 16 215 215 217 14 95 98 124 20 82 77 75 16 27 27 32 10 142 141 157
822.jpg 7 16 39 55 76 19 138 184 207 4 169 23 23 4 75 52 47 21 198 215 220 29 79 98 126 4 174 103 92
823.jpg 8 14 71 110 191 4 23 21 39 20 118 171 210 13 95 88 46 11 162 200 217 17 130 127 70 13 90 144 208 4 51 43 37
824.jpg 8 14 9 15 9 3 200 194 171 17 64 89 111 10 170 210 223 14 32 47 28 19 111 157 193 12 124 143 47 8 76 88 54
825.jpg 8 20 18 29 54 11 134 153 190 18 8 12 7 14 39 47 32 9 205 214 226 10 55 75 116 5 107 102 71 9 73 83 103
826.jpg 6 11 28 33 39 27 201 205 205 7 123 115 102 17 83 90 107 30 46 56 45 6 80 103 51
827.jpg 4 17 18 15 18 47 189 186 195 24 60 55 56 10 118 109 114
828.jpg 5 20 48 76 115 41 111 110 114 24 183 184 180 7 14 16 21 6 56 56 54
829.jpg 7 25 12 18 13 28 102 119 151 6 88 114 37 16 160 195 217 11 72 82 91 4 188 196 201 7 48 61 28
830.jpg 8 12 98 123 169 8 21 23 19 13 130 129 153 16 76 95 50 21 73 81 107 10 169 158 167 8 21 50 14 8 93 85 76
831.jpg 5 26 18 30 42 16 156 144 155 14 97 88 101 8 32 6 12 35 195 191 202
832.jpg 7 31 11 8 18 18 89 119 175 5 169 196 215 18 51 47 57 10 123 160 199 8 100 95 102 6 206 209 214
833.jpg 6 21 72 114 179 21 100 117 159 17 9 12 18 9 194 199 207 22 119 129 151 7 55 59 62
834.jpg 7 26 17 88 147 8 8 12 12 8 118 132 149 24 82 129 180 14 34 70 101 14 182 193 196 3 57 57 44
835.jpg 8 17 33 76 115 31 200 210 212 3 118 46 31 6 40 43 27 9 112 111 124 18 106 127 157 7 119 116 108 5 152 50 40
836.jpg 5 37 29 56 79 7 169 155 135 11 111 117 131 21 18 26 28 21 216 210 200
837.jpg 5 3 37 39 57 36 185 197 206 16 95 97 119 3 90 80 72 40 133 141 162
838.jpg 6 9 10 46 90 13 141 141 144 8 28 24 29 37 203 205 197 23 70 90 125 7 80 77 78
839.jpg 6 6 23 42 116 20 163 160 182 61 196 195 197 2 22 20 39 5 112 112 148 3 63 64 93
840.jpg 8 14 8 8 11 8 84 96 134 15 129 172 204 15 130 144 158 17 182 209 223 12 48 52 71 13 105 102 116 3 68 43 46
841.jpg 6 18 51 88 130 9 138 151 157 9 15 9 12 7 86 93 95 42 211 219 219 11 42 48 50
842.jpg 7 36 22 35 52 20 120 129 183 13 84 84 92 2 204 208 224 14 29 17 23 4 80 81 56 7 127 134 167
843.jpg 6 20 31 22 33 31 157 172 199 8 47 39 26 17 210 211 213 15 50 51 73 5 84 76 58
844.jpg 7 17 6 71 130 10 32 33 30 11 118 140 135 32 9 45 86 10 201 215 212 5 69 127 160 12 68 78 72
845.jpg 8 16 102 123 172 15 13 18 33 17 39 38 29 5 197 196 196 13 96 94 41 1 128 63 44 10 100 107 123 20 72 71 50
846.jpg 6 31 78 126 196 8 30 55 81 44 91 122 148 6 128 141 144 7 15 15 33 2 201 200 179
847.jpg 6 11 12 56 93 50 199 206 205 2 47 39 34 16 108 103 91 9 76 97 120 9 154 152 144
848.jpg 6 33 48 63 145 33 39 29 49 6 212 217 219 16 35 37 105 7 94 98 155 3 159 165 203
849.jpg 7 7 29 58 111 43 184 203 205 8 106 124 161 9 42 37 68 8 69 76 115 7 25 20 30 15 130 151 168
850.jpg 5 31 53 73 88 20 142 151 172 16 56 82 72 14 22 37 35 17 193 200 218
851.jpg 6 28 23 21 22 4 141 195 215 16 54 55 66 27 102 97 91 17 206 219 222 5 94 76 42
852.jpg 5 14 41 44 77 11 95 106 156 24 196 204 223 23 23 25 25 25 154 163 207
853.jpg 4 47 20 28 26 19 100 121 145 6 185 179 171 26 76 92 79
854.jpg 6 24 21 63 105 9 78 82 88 11 31 25 31 28 181 182 189 14 19 39 69 11 126 125 123
855.jpg 7 15 12 13 20 22 202 210 216 7 103 118 156 16 64 62 68 9 167 152 147 17 110 115 125 10 121 101 101
856.jpg 8 19 67 97 158 17 35 36 77 13 58 40 28 4 171 162 154 11 106 138 192 22 29 18 24 2 163 131 62 7 94 71 40
857.jpg 6 34 11 16 30 33 124 149 188 11 211 204 201 6 43 57 86 9 154 155 169 4 66 68 75
858.jpg 4 31 44 59 72 21 116 150 173 30 169 193 198 16 93 108 117
859.jpg 7 14 49 73 98 11 81 147 196 17 148 193 220 21 40 45 44 2 101 21 36 17 182 193 208 14 101 117 137
860.jpg 8 22 23 29 18 4 94 130 195 19 167 161 152 10 89 101 110 11 169 188 210 15 70 76 64 7 123 106 89 9 119 136 173
861.jpg 7 31 66 106 168 8 90 104 126 27 31 25 25 9 209 198 180 7 125 101 69 7 188 161 117 8 105 102 97
862.jpg 7 20 128 149 175 4 40 54 88 20 87 91 68 22 109 118 63 16 36 38 29 4 194 191 167 11 181 196 209
863.jpg 4 50 42 43 41 31 106 123 163 8 183 188 190 9 94 97 98
864.jpg 8 19 105 144 195 7 80 95 109 11 15 18 12 8 203 210 212 11 88 102 56 14 182 175 141 14 51 54 38 11 110 118 105
865.jpg 4 57 72 77 65 9 144 145 150 12 71 87 52 20 201 207 202
866.jpg 7 9 77 101 179 8 40 34 41 38 210 216 219 14 136 135 76 11 126 112 90 6 107 124 181 10 79 68 65
867.jpg 2 55 94 96 84 44 198 202 196
868.jpg 5 34 22 23 18 24 106 112 139 11 133 130 138 8 75 67 63 21 203 198 195
869.jpg 4 41 45 38 46 24 211 213 217 22 87 79 95 10 140 145 156
870.jpg 7 26 58 67 118 15 126 133 180 11 90 86 110 30 32 31 60 8 132 115 118 3 188 185 204 2 96 83 49
871.jpg 7 13 29 70 134 11 33 34 39 9 133 131 150 8 150 130 116 32 70 122 194 14 78 73 68 10 189 192 207
872.jpg 5 12 27 86 131 28 210 203 208 5 48 36 31 44 89 79 76 8 150 130 123
873.jpg 7 7 42 68 134 15 139 162 189 23 22 23 26 14 199 206 210 13 84 77 66 13 93 123 169 11 142 136 123
874.jpg 6 7 27 21 20 23 179 197 208 14 93 110 79 41 127 143 87 5 36 58 61 8 29 52 30
875.jpg 7 16 67 109 196 7 30 31 37 9 136 151 167 42 68 86 104 14 95 128 191 5 103 89 84 4 193 190 187
876.jpg 7 10 20 12 23 8 138 144 161 50 91 117 162 11 33 43 72 5 207 207 210 11 73 77 92 2 113 93 82
877.jpg 6 27 45 45 44 22 126 131 157 15 215 218 220 19 164 172 186 11 110 109 109 3 82 52 48
878.jpg 7 19 46 94 151 8 57 87 114 29 123 150 172 18 186 199 218 3 30 33 39 14 90 135 184 5 86 84 80
879.jpg 8 19 41 72 118 5 43 34 28 28 218 216 216 15 93 130 191 8 189 179 151 8 121 115 106 2 134 75 53 10 110 129 164
880.jpg 6 25 28 37 32 11 45 74 111 12 182 194 213 36 100 134 184 12 82 96 115 2 54 21 27
881.jpg 7 12 16 44 96 19 98 114 144 14 41 45 48 23 156 158 171 9 90 90 79 10 209 209 216 11 57 86 135
882.jpg 8 10 95 122 190 15 95 97 47 7 44 44 64 17 97 104 145 8 165 148 68 6 193 191 209 14 74 78 67 19 117 117 136
883.jpg 7 3 52 78 131 24 66 68 57 15 110 111 84 19 122 133 141 14 20 19 32 6 198 191 179 17 120 94 70
884.jpg 5 30 32 31 44 22 189 209 222 19 71 79 108 23 115 127 166 3 188 178 165
885.jpg 6 15 35 74 148 17 128 132 137 4 25 35 60 40 204 205 205 11 67 68 65 11 16 18 16
886.jpg 7 25 120 143 197 7 30 24 30 15 129 69 47 19 160 170 202 8 103 89 99 10 173 90 59 12 89 52 46
887.jpg 5 32 28 26 23 18 197 200 199 18 155 133 95 9 103 112 126 20 88 76 56
888.jpg 5 13 127 134 172 40 127 83 68 28 71 49 43 14 166 99 70 3 114 107 129
889.jpg 7 6 6 8 14 10 64 67 63 23 100 142 180 10 197 199 192 11 53 69 98 27 103 102 84 10 133 147 166
890.jpg 5 41 25 32 37 21 207 208 215 17 75 81 96 17 132 138 146 1 64 18 20
891.jpg 6 21 24 26 25 16 67 62 45 18 122 138 184 10 177 185 202 25 94 98 120 7 114 90 54
892.jpg 4 38 52 66 94 28 72 64 51 28 23 22 22 4 209 209 204
893.jpg 8 15 16 35 65 15 79 112 150 14 99 100 93 10 51 53 47 6 221 223 218 23 16 6 12 8 136 183 201 5 142 135 116
894.jpg 8 16 5 38 86 10 10 25 30 22 50 102 160 11 50 76 69 13 110 161 204 3 157 164 106 13 38 82 112 8 100 120 99
895.jpg 7 8 31 40 68 16 99 111 114 22 89 128 162 11 164 178 196 12 164 162 135 13 38 33 29 15 105 107 81
896.jpg 8 7 27 27 62 14 81 65 42 5 62 86 136 12 127 119 128 23 32 18 15 11 129 146 192 14 197 185 181 10 140 115 76
897.jpg 6 42 95 99 127 9 142 126 119 23 143 143 160 4 36 32 28 15 191 179 168 4 91 71 66
898.jpg 7 14 63 65 82 7 41 125 170 8 143 139 166 30 65 69 54 15 33 29 22 15 110 114 109 7 215 211 224
899.jpg 6 5 24 28 22 19 82 104 120 9 124 123 98 34 174 194 212 17 118 147 184 14 66 75 64
900.jpg 8 18 30 35 14 11 202 192 184 8 89 42 32 13 168 122 98 18 86 93 57 9 145 57 56 14 209 183 143 5 192 110 70
901.jpg 8 16 51 121 185 7 123 151 181 21 14 15 14 13 167 158 91 12 79 76 51 11 123 94 44 10 202 178 73 6 176 186 170
902.jpg 8 30 8 11 9 10 52 69 36 8 70 13 21 10 141 114 67 6 158 176 180 13 127 68 34 6 193 159 81 13 176 171 154
903.jpg 8 26 8 8 8 10 100 99 104 6 157 143 105 3 146 37 41 21 212 213 213 7 195 144 69 10 47 42 38 14 150 151 158
904.jpg 8 32 20 23 19 22 218 220 218 3 223 210 98 8 56 65 96 16 46 54 38 1 198 57 61 9 102 111 135 6 102 106 84
905.jpg 8 18 37 13 6 10 214 189 193 6 179 163 120 17 78 25 15 9 142 64 37 7 78 65 36 11 139 100 83 17 197 154 91
906.jpg 8 17 25 31 27 10 195 179 161 11 80 23 17 11 111 91 45 10 116 19 22 12 176 110 64 10 170 48 45 15 178 161 83
907.jpg 8 21 26 19 15 8 211 175 76 13 60 82 42 10 192 61 57 16 108 64 52 7 197 197 195 11 186 111 73 10 218 125 53
908.jpg 8 12 31 12 13 4 187 140 132 12 136 34 47 19 77 10 28 11 199 150 60 16 190 50 52 11 51 53 29 10 193 103 55
909.jpg 8 22 46 16 26 9 184 135 69 28 188 179 182 9 58 55 33 4 137 76 37 7 94 98 39 11 202 129 55 5 183 84 42
910.jpg 8 5 65 17 70 16 200 191 200 12 33 60 20 12 183 184 154 14 66 46 26 16 65 110 38 15 124 107 88 6 193 185 105
911.jpg 8 12 22 115 110 25 203 208 210 4 31 33 64 11 106 58 39 15 47 86 36 5 198 153 72 13 45 32 22 10 172 165 144
912.jpg 8 12 42 37 37 15 180 89 119 8 212 204 209 12 126 42 24 13 165 125 73 4 56 67 20 10 184 97 39 20 197 164 151
913.jpg 7 6 30 26 10 69 205 198 189 5 87 32 19 5 172 120 81 6 93 90 62 4 145 53 33 2 221 181 102
914.jpg 8 8 37 14 6 10 161 127 114 19 160 113 76 10 212 167 88 16 84 51 26 10 223 187 170 12 172 94 61 11 100 44 19
915.jpg 8 10 30 22 20 16 105 102 109 9 115 52 44 24 177 173 166 9 146 103 77 10 128 118 103 6 177 151 106 12 72 47 41
916.jpg 8 15 20 15 18 7 208 204 173 6 85 39 18 14 95 95 89 33 56 54 63 6 176 126 76 9 223 186 122 6 194 115 62
917.jpg 7 8 33 24 16 13 185 170 164 11 80 20 25 14 155 117 111 33 94 71 58 7 134 54 51 10 163 116 84
918.jpg 8 42 11 11 8 5 49 85 133 9 97 45 22 9 81 93 41 9 192 186 158 9 174 127 70 10 130 136 147 2 176 71 47
919.jpg 8 15 40 20 10 5 169 130 154 6 78 100 63 11 171 116 59 15 95 65 36 17 184 195 192 15 151 129 90 11 204 179 135
920.jpg 8 3 47 61 96 15 215 207 186 10 111 46 27 19 168 119 58 13 55 73 26 7 172 52 43 22 177 162 108 8 41 29 13
921.jpg 8 27 25 21 16 8 111 28 40 12 100 89 82 9 192 138 104 14 168 18 44 11 66 18 24 8 183 166 172 7 169 69 75
922.jpg 8 18 27 21 10 9 67 83 38 7 132 37 39 8 207 198 170 5 182 170 81 17 133 102 64 14 76 37 19 18 189 154 117
923.jpg 8 15 14 18 8 11 134 22 33 12 75 93 54 20 182 182 173 10 84 29 24 4 182 156 99 9 168 17 34 14 46 56 54
924.jpg 8 5 37 88 130 8 115 125 129 9 100 45 21 44 25 27 16 8 86 99 39 7 165 78 38 8 170 139 73 7 187 180 167
925.jpg 8 31 10 11 8 11 88 30 28 5 101 95 71 11 206 161 108 14 140 71 50 12 50 17 19 6 141 33 41 7 206 181 174
926.jpg 8 10 56 90 113 29 199 204 197 8 89 55 19 6 144 69 23 13 133 128 98 12 29 38 30 9 165 153 83 9 186 139 57
927.jpg 8 14 30 30 13 21 207 212 213 16 99 94 67 2 184 52 45 10 130 143 68 6 109 67 33 11 187 149 107 17 180 171 159
928.jpg 8 53 9 17 7 10 74 62 40 4 102 24 24 4 167 139 84 6 160 35 36 6 180 107 51 7 147 132 126 6 212 168 94
929.jpg 8 38 13 13 32 8 89 55 31 6 215 209 178 14 29 61 41 11 181 163 90 2 147 29 33 12 154 107 49 5 216 193 80
930.jpg 8 17 31 29 20 14 106 125 59 9 90 25 31 9 212 197 164 10 165 54 52 11 171 114 80 17 52 68 29 10 206 166 92
931.jpg 8 24 14 9 5 12 96 82 55 9 70 18 12 7 192 160 85 15 197 189 177 10 121 45 24 11 189 122 52 7 163 73 34
932.jpg 8 6 48 23 17 23 203 172 151 10 141 55 49 11 179 100 58 9 110 77 50 11 194 148 94 18 166 115 89 8 84 23 31
933.jpg 8 11 33 39 18 19 186 187 179 7 91 16 17 23 177 158 107 12 145 104 49 16 85 70 24 5 150 29 33 3 203 142 53
934.jpg 8 12 14 7 5 11 207 193 173 13 65 26 17 13 140 95 56 9 156 75 42 10 202 167 102 13 105 37 25 15 188 131 66
935.jpg 8 30 26 16 18 14 61 27 24 8 199 159 96 10 110 48 37 9 82 70 62 12 174 106 57 5 146 49 44 8 141 111 85
936.jpg 8 18 32 35 13 11 193 164 165 6 144 18 32 9 198 195 133 10 119 60 45 14 88 91 39 19 152 114 73 9 198 169 76
937.jpg 8 13 21 9 6 7 92 86 57 12 186 43 54 14 201 141 64 15 69 12 13 12 216 198 165 13 123 45 29 11 170 121 95
938.jpg 7 5 31 20 5 17 219 204 189 16 147 82 45 33 168 127 99 9 203 159 95 3 153 36 39 13 93 57 25
939.jpg 8 13 19 13 6 9 209 184 167 7 70 71 29 10 116 37 27 20 186 156 94 12 65 18 12 12 172 117 54 14 128 91 47
940.jpg 8 4 56 54 102 11 187 166 158 12 125 86 55 14 84 25 26 14 186 141 72 18 15 5 9 12 166 78 46 12 55 32 25
941.jpg 8 10 54 15 20 6 122 83 59 18 207 191 175 6 180 58 54 14 104 26 38 16 191 125 65 12 180 140 94 14 148 71 54
942.jpg 8 11 41 11 13 10 204 173 144 13 91 16 26 7 114 82 46 15 142 68 55 14 179 145 78 17 188 121 88 9 145 42 42
943.jpg 8 31 14 6 9 20 60 10 21 7 88 65 43 10 96 25 29 10 151 86 73 7 167 136 94 6 139 43 42 6 186 112 79
944.jpg 8 18 36 38 15 15 215 188 184 7 149 58 38 12 114 86 53 9 70 34 13 8 172 125 82 5 161 15 24 22 193 155 136
945.jpg 8 6 38 67 158 16 96 100 53 17 132 127 141 8 142 73 46 21 36 23 27 10 200 173 127 10 193 190 189 7 215 172 67
946.jpg 8 22 17 11 5 14 73 49 26 5 109 21 32 9 198 150 85 13 190 157 146 14 139 92 54 8 184 53 58 12 221 199 168
947.jpg 8 6 56 57 35 7 73 10 15 8 165 139 81 26 191 194 200 9 131 37 22 18 199 187 176 11 180 122 46 12 127 117 111
948.jpg 8 18 14 10 16 7 186 163 148 15 121 33 31 10 164 76 48 10 60 14 18 4 121 104 52 28 31 39 54 5 197 135 78
949.jpg 8 41 13 16 15 8 83 85 85 9 203 181 141 9 63 34 14 10 190 138 62 7 128 55 22 9 121 82 38 3 168 170 176
950.jpg 8 39 11 11 10 11 68 22 23 11 127 57 44 6 147 140 120 11 186 107 59 8 186 141 85 4 60 68 96 6 165 56 53
951.jpg 8 45 15 15 14 8 84 80 42 8 84 11 22 9 127 16 30 7 174 103 79 5 197 175 155 10 179 42 46 3 198 170 87
952.jpg 8 51 11 10 9 7 53 19 11 6 102 31 21 10 167 110 67 5 139 26 26 7 91 61 40 6 175 85 49 3 152 123 105
953.jpg 8 38 11 8 6 6 148 125 102 8 124 39 32 5 223 179 91 12 63 17 14 7 165 30 34 12 35 51 40 7 194 104 56
954.jpg 8 41 13 14 8 10 79 77 57 10 76 10 11 8 162 85 67 9 202 167 110 5 173 35 38 5 193 183 179 9 209 118 63
955.jpg 8 33 11 14 5 6 92 91 58 7 82 29 15 17 199 145 89 5 158 3 20 11 213 188 159 8 177 170 83 9 142 67 32
956.jpg 8 21 9 7 9 10 67 60 29 13 185 161 72 7 103 102 125 11 202 189 167 6 184 119 35 12 122 119 66 16 33 36 50
957.jpg 8 8 48 29 15 8 107 37 31 19 209 192 189 14 119 90 57 19 177 136 135 12 197 156 72 5 154 45 42 11 168 102 50
958.jpg 8 33 14 11 4 12 187 158 159 9 115 14 19 9 117 75 49 12 64 15 11 6 174 111 56 7 207 179 149 8 148 8 22
959.jpg 8 42 9 8 9 13 45 30 24 4 176 154 124 5 124 59 32 12 194 138 71 5 181 90 45 7 216 185 121 7 87 60 36
960.jpg 8 16 19 11 10 16 120 105 98 9 110 62 42 10 180 147 105 19 196 193 192 4 199 134 39 12 61 31 27 9 144 77 37
961.jpg 7 10 15 25 7 25 193 170 167 4 105 102 61 4 216 181 72 4 145 44 38 39 225 216 210 10 122 81 54
962.jpg 8 15 24 14 9 20 202 187 180 9 154 125 86 11 84 57 44 15 170 119 46 5 124 28 36 10 198 179 113 11 130 70 40
963.jpg 7 44 14 12 7 11 88 81 45 9 83 24 13 9 189 119 49 6 202 201 183 12 139 53 18 5 192 166 110
964.jpg 8 32 18 14 9 8 171 149 112 7 105 13 24 14 63 13 15 10 113 60 36 13 60 57 34 9 164 105 62 4 146 24 36
965.jpg 8 31 10 7 10 10 123 115 134 8 69 67 26 11 134 124 65 7 118 77 51 7 200 193 193 10 199 174 139 13 48 37 46
966.jpg 8 17 15 19 8 9 165 158 98 4 181 136 190 9 140 88 42 27 44 56 28 14 200 164 78 3 153 48 41 14 90 94 55
967.jpg 8 13 20 8 8 6 194 185 194 7 100 29 29 12 95 77 33 18 198 148 104 13 190 167 84 12 193 127 60 14 159 72 49
968.jpg 7 6 16 19 12 7 215 203 195 1 210 57 51 59 40 102 86 5 84 87 48 12 207 172 140 6 140 84 66
969.jpg 7 51 11 25 9 20 203 201 199 5 81 95 39 8 194 154 103 3 166 51 50 6 94 60 28 4 219 187 80
970.jpg 8 44 7 10 5 9 53 59 28 13 54 18 15 7 191 168 161 4 182 66 54 7 114 115 46 8 112 49 38 4 198 165 102
971.jpg 8 21 27 14 16 10 102 73 69 11 109 45 38 11 175 104 65 16 65 25 24 8 186 152 145 8 145 49 47 11 146 95 85
972.jpg 7 8 140 123 119 6 69 46 36 10 149 101 67 5 94 17 24 10 188 160 110 52 195 190 189 6 162 68 66
973.jpg 8 9 27 27 12 40 166 5 26 7 111 109 74 8 182 121 102 7 87 32 27 12 215 200 180 8 196 142 75 6 137 41 37
974.jpg 8 12 21 34 18 20 204 192 175 11 129 60 24 9 191 123 51 11 76 52 22 14 126 111 73 7 64 102 107 11 176 143 91
975.jpg 8 29 33 21 21 14 90 70 62 16 187 119 107 7 152 114 72 12 82 24 33 5 152 60 61 7 176 147 142 6 201 158 89
976.jpg 8 21 24 29 13 8 80 30 24 16 192 181 180 9 161 47 33 9 172 136 102 14 95 86 72 8 190 121 70 11 119 37 27
977.jpg 8 12 46 23 20 9 183 171 175 15 96 18 34 15 205 152 59 9 192 109 125 9 143 105 71 14 158 56 57 12 209 187 141
978.jpg 8 35 26 22 22 14 83 76 53 10 85 25 41 10 141 41 53 7 193 177 177 10 178 104 89 4 154 81 127 6 169 148 108
979.jpg 8 34 15 9 11 9 62 19 20 5 74 60 47 13 192 150 120 9 117 51 42 11 173 109 74 6 138 38 45 9 133 93 74
980.jpg 8 13 34 23 10 12 65 76 26 13 158 76 132 12 156 149 65 12 131 43 46 6 181 179 149 14 200 163 61 14 118 97 41
981.jpg 8 31 14 13 7 17 55 53 40 8 207 186 114 11 94 52 26 11 185 129 57 5 139 139 140 5 147 62 37 8 138 123 78
982.jpg 8 37 14 9 16 4 142 160 140 6 192 74 53 5 134 92 46 24 52 27 56 8 198 170 97 7 43 55 35 5 196 208 176
983.jpg 8 50 9 8 7 10 58 60 42 8 74 19 24 9 131 67 54 6 178 165 148 4 128 15 40 1 170 155 96 6 177 102 75
984.jpg 8 11 34 15 16 11 100 66 54 7 118 31 39 16 172 120 63 9 179 97 54 17 202 164 145 12 205 151 69 13 155 105 86
985.jpg 8 16 43 27 28 16 122 101 90 7 107 45 48 13 190 138 71 14 175 174 149 11 165 78 54 10 190 166 124 10 208 182 76
986.jpg 8 7 30 41 12 5 121 39 32 39 207 205 201 11 117 109 65 8 177 40 34 10 203 167 70 6 198 113 67 9 182 175 112
987.jpg 7 13 38 22 18 8 124 48 46 16 95 69 54 4 176 45 50 13 186 139 112 8 176 102 71 34 149 125 112
988.jpg 8 28 42 28 23 14 147 135 126 6 204 181 89 10 83 23 26 7 153 55 51 8 179 156 112 9 198 139 64 14 129 83 63
989.jpg 8 16 41 47 46 15 193 185 150 9 214 124 123 18 145 117 65 10 164 47 50 12 71 38 13 9 154 87 27 7 194 166 78
990.jpg 8 20 22 13 9 17 84 82 72 8 80 26 25 16 184 167 156 7 147 133 60 9 114 86 62 10 141 54 46 9 180 127 85
991.jpg 8 16 25 32 21 10 77 81 44 12 143 142 138 13 211 198 150 5 143 76 52 11 170 131 76 18 198 202 202 11 207 168 79
992.jpg 8 10 23 26 12 15 199 201 200 15 164 99 45 10 81 105 39 22 197 180 139 4 147 27 34 8 202 178 91 11 100 84 64
993.jpg 7 16 21 24 9 34 217 213 210 13 141 130 125 4 89 31 21 14 171 160 112 11 74 77 32 5 162 98 67
994.jpg 8 22 22 26 14 11 68 6 17 11 113 6 23 10 104 107 95 9 225 202 81 19 154 6 25 8 189 110 65 6 221 204 181
995.jpg 8 5 33 28 20 13 171 172 178 7 164 115 133 8 106 112 111 3 86 119 61 4 73 24 30 51 222 223 224 5 76 66 63
996.jpg 8 5 28 20 10 13 101 10 25 8 216 174 81 20 210 199 194 19 151 31 37 9 156 126 113 10 204 99 91 12 183 176 144
997.jpg 8 5 27 35 12 5 189 111 92 39 215 225 219 14 204 199 170 15 126 123 108 6 173 48 50 6 196 182 123 6 101 98 46
998.jpg 7 43 19 11 12 11 198 186 182 6 114 32 43 9 167 130 112 12 98 79 70 4 182 111 72 11 62 18 24
999.jpg 7 11 19 29 41 26 151 136 132 10 116 10 42 23 198 193 179 9 49 25 27 10 88 75 70 6 121 84 73
